2740
2740
2739
2739
2739
2739
2739
2750
2750
2750
2750
2750
2750
2734
2734
2734
2734
2734
2755
2755
2755
2755
2755
2742
2742
2742
2742
2742
2742
2750
2750
2750
2750
2750
2748
2748
2748
2748
2748
2738
2738
2738
2738
2738
2738
2759
2759
2759
2759
2759
2735
2735
2735
2735
2735
2736
2736
2736
2736
2736
2736
2740
2740
2740
2740
2740
2754
2754
2754
2754
2754
2753
2753
2753
2753
2753
2753
2742
2742
2742
2742
2742
2738
2738
2738
2738
2738
2745
2745
2745
2745
2745
2745
2743
2743
2743
2743
2743
2751
2751
2751
2751
2751
2750
2750
2750
2750
2750
2750
2749
2749
2749
2749
2749
2740
2740
2740
2740
2740
2748
2748
2748
2748
2748
2748
2747
2747
2747
2747
2747
2728
2728
2728
2728
2728
2747
2747
2747
2747
2747
2747
2754
2754
2754
2754
2754
2748
2748
2748
2748
2748
2753
2753
2753
2753
2753
2753
2747
2747
2747
2747
2747
2753
2753
2753
2753
2753
2739
2739
2739
2739
2739
2739
2749
2749
2749
2749
2749
2736
2736
2736
2736
2736
2736
2736
2736
2736
2736
2736
2737
2737
2737
2737
2737
2746
2746
2746
2746
2746
2741
2741
2741
2741
2741
2741
2744
2744
2744
2744
2744
2741
2741
2741
2741
2741
2741
2741
2741
2741
2741
2741
2740
2740
2740
2740
2740
2753
2753
2753
2753
2753
2748
2748
2748
2748
2748
2748
2738
2738
2738
2738
2738
2740
2740
2740
2740
2740
2740
2740
2740
2740
2740
2740
2747
2747
2747
2747
2747
2735
2735
2735
2735
2735
2737
2737
2737
2737
2737
2737
2739
2739
2739
2739
2739
2759
2759
2759
2759
2759
2744
2744
2744
2744
2744
2744
2746
2746
2746
2746
2746
2748
2748
2748
2748
2748
2751
2751
2751
2751
2751
2751
2741
2741
2741
2741
2741
2744
2744
2744
2744
2744
2750
2750
2750
2750
2750
2750
2745
2745
2745
2745
2745
2742
2742
2742
2742
2742
2752
2752
2752
2752
2752
2752
2751
2751
2751
2751
2751
2742
2742
2742
2742
2742
2743
2743
2743
2743
2743
2743
2742
2742
2742
2742
2742
2737
2737
2737
2737
2737
2749
2749
2749
2749
2749
2749
2744
2744
2744
2744
2744
2749
2749
2749
2749
2749
2743
2743
2743
2743
2743
2743
2746
2746
2746
2746
2746
2734
2734
2734
2734
2734
2741
2741
2741
2741
2741
2741
2749
2749
2749
2749
2749
2749
2749
2749
2749
2749
2738
2738
2738
2738
2738
2738
2739
2739
2739
2739
2739
2758
2758
2758
2758
2758
2754
2754
2754
2754
2754
2754
2742
2742
2742
2742
2742
2742
2742
2742
2742
2742
2747
2747
2747
2747
2747
2747
2750
2750
2750
2750
2750
2750
2750
2750
2750
2750
2739
2739
2739
2739
2739
2739
2741
2741
2741
2741
2741
2746
2746
2746
2746
2746
2744
2744
2744
2744
2744
2744
2731
2731
2731
2731
2731
2737
2737
2737
2737
2737
2742
2742
2742
2742
2742
2742
2741
2741
2741
2741
2741
2731
2731
2731
2731
2731
2741
2741
2741
2741
2741
2741
2746
2746
2746
2746
2746
2745
2745
2745
2745
2745
2746
2746
2746
2746
2746
2746
2749
2749
2749
2749
2749
2744
2744
2744
2744
2744
2742
2742
2742
2742
2742
2742
2743
2743
2743
2743
2743
2737
2737
2737
2737
2737
2741
2741
2741
2741
2741
2741
2749
2749
2749
2749
2749
2742
2742
2742
2742
2742
2754
2754
2754
2754
2754
2754
2732
2732
2732
2732
2732
2747
2747
2747
2747
2747
2747
2747
2747
2747
2747
2747
2747
2747
2747
2747
2747
2740
2740
2740
2740
2740
2751
2751
2751
2751
2751
2751
2750
2750
2750
2750
2750
2736
2736
2736
2736
2736
2732
2732
2732
2732
2732
2732
2742
2742
2742
2742
2742
2747
2747
2747
2747
2747
2744
2744
2744
2744
2744
2744
2744
2744
2744
2744
2744
2753
2753
2753
2753
2753
2745
2745
2745
2745
2745
2745
2734
2734
2734
2734
2734
2739
2739
2739
2739
2739
2737
2737
2737
2737
2737
2737
2745
2745
2745
2745
2745
2749
2749
2749
2749
2749
2740
2740
2740
2740
2740
2740
2744
2744
2744
2744
2744
2745
2745
2745
2745
2745
2741
2741
2741
2741
2741
2741
2737
2737
2737
2737
2737
2741
2741
2741
2741
2741
2743
2743
2743
2743
2743
2743
2741
2741
2741
2741
2741
2744
2744
2744
2744
2744
2744
2744
2744
2744
2744
2744
2756
2756
2756
2756
2756
2741
2741
2741
2741
2741
2741
2741
2741
2741
2741
2741
2734
2734
2734
2734
2734
2745
2745
2745
2745
2745
2748
2748
2748
2748
2748
2748
2738
2738
2738
2738
2738
2744
2744
2744
2744
2744
2749
2749
2749
2749
2749
2749
2740
2740
2740
2740
2740
2740
2740
2740
2740
2740
2734
2734
2734
2734
2734
2734
2749
2749
2749
2749
2749
2739
2739
2739
2739
2739
2744
2744
2744
2744
2744
2744
2743
2743
2743
2743
2743
2752
2752
2752
2752
2752
2748
2748
2748
2748
2748
2748
2747
2747
2747
2747
2747
2738
2738
2738
2738
2738
2738
2738
2738
2738
2738
2738
2746
2746
2746
2746
2746
2741
2741
2741
2741
2741
2738
2738
2738
2738
2738
2738
2746
2746
2746
2746
2746
2741
2741
2741
2741
2741
2743
2743
2743
2743
2743
2743
2740
2740
2740
2740
2740
2735
2735
2735
2735
2735
2749
2749
2749
2749
2749
2749
2742
2742
2742
2742
2742
2737
2737
2737
2737
2737
2744
2744
2744
2744
2744
2744
2744
2744
2744
2744
2744
2743
2743
2743
2743
2743
2740
2740
2740
2740
2740
2740
2738
2738
2738
2738
2738
2748
2748
2748
2748
2748
2743
2743
2743
2743
2743
2743
2747
2747
2747
2747
2747
2734
2734
2734
2734
2734
2745
2745
2745
2745
2745
2745
2741
2741
2741
2741
2741
2745
2745
2745
2745
2745
2740
2740
2740
2740
2740
2740
2749
2749
2749
2749
2749
2743
2743
2743
2743
2743
2740
2740
2740
2740
2740
2740
2741
2741
2741
2741
2741
2745
2745
2745
2745
2745
2748
2748
2748
2748
2748
2748
2749
2749
2749
2749
2749
2742
2742
2742
2742
2742
2735
2735
2735
2735
2735
2735
2743
2743
2743
2743
2743
2743
2743
2743
2743
2743
2734
2734
2734
2734
2734
2734
2744
2744
2744
2744
2744
2745
2745
2745
2745
2745
2744
2744
2744
2744
2744
2744
2736
2736
2736
2736
2736
2735
2735
2735
2735
2735
2746
2746
2746
2746
2746
2746
2741
2741
2741
2741
2741
2738
2738
2738
2738
2738
2754
2754
2754
2754
2754
2754
2752
2752
2752
2752
2752
2739
2739
2739
2739
2739
2738
2738
2738
2738
2738
2738
2733
2733
2733
2733
2733
2743
2743
2743
2743
2743
2744
2744
2744
2744
2744
2744
2742
2742
2742
2742
2742
2748
2748
2748
2748
2748
2757
2757
2757
2757
2757
2757
2746
2746
2746
2746
2746
2746
2746
2746
2746
2746
2741
2741
2741
2741
2741
2741
2733
2733
2733
2733
2733
2745
2745
2745
2745
2745
2748
2748
2748
2748
2748
2748
2737
2737
2737
2737
2737
2748
2748
2748
2748
2748
2754
2754
2754
2754
2754
2754
2747
2747
2747
2747
2747
2743
2743
2743
2743
2743
2744
2744
2744
2744
2744
2744
2744
2744
2744
2744
2744
2744
2744
2744
2744
2744
2746
2746
2746
2746
2746
2746
2745
2745
2745
2745
2745
2742
2742
2742
2742
2742
2749
2749
2749
2749
2749
2749
2741
2741
2741
2741
2741
2738
2738
2738
2738
2738
2745
2745
2745
2745
2745
2745
2752
2752
2752
2752
2752
2742
2742
2742
2742
2742
2745
2745
2745
2745
2745
2745
2742
2742
2742
2742
2742
2752
2752
2752
2752
2752
2749
2749
2749
2749
2749
2749
2734
2734
2734
2734
2734
2735
2735
2735
2735
2735
2747
2747
2747
2747
2747
2747
2742
2742
2742
2742
2742
2746
2746
2746
2746
2746
2750
2750
2750
2750
2750
2750
2741
2741
2741
2741
2741
2744
2744
2744
2744
2744
2739
2739
2739
2739
2739
2739
2739
2739
2739
2739
2739
2749
2749
2749
2749
2749
2744
2744
2744
2744
2744
2744
2745
2745
2745
2745
2745
2748
2748
2748
2748
2748
2745
2745
2745
2745
2745
2745
2756
2756
2756
2756
2756
2739
2739
2739
2739
2739
2744
2744
2744
2744
2744
2744
2742
2742
2742
2742
2742
2748
2748
2748
2748
2748
2749
2749
2749
2749
2749
2749
2742
2742
2742
2742
2742
2751
2751
2751
2751
2751
2751
2751
2751
2751
2751
2751
2737
2737
2737
2737
2737
2741
2741
2741
2741
2741
2734
2734
2734
2734
2734
2734
2748
2748
2748
2748
2748
2745
2745
2745
2745
2745
2734
2734
2734
2734
2734
2734
2749
2749
2749
2749
2749
2744
2744
2744
2744
2744
2740
2740
2740
2740
2740
2740
2746
2746
2746
2746
2746
2743
2743
2743
2743
2743
2756
2756
2756
2756
2756
2756
2739
2739
2739
2739
2739
2742
2742
2742
2742
2742
2757
2757
2757
2757
2757
2757
2750
2750
2750
2750
2750
2753
2753
2753
2753
2753
2738
2738
2738
2738
2738
2738
2755
2755
2755
2755
2755
2745
2745
2745
2745
2745
2747
2747
2747
2747
2747
2747
2747
2747
2747
2747
2747
2747
2747
2747
2747
2747
2761
2761
2761
2761
2761
2761
2742
2742
2742
2742
2742
2752
2752
2752
2752
2752
2737
2737
2737
2737
2737
2737
2738
2738
2738
2738
2738
2748
2748
2748
2748
2748
2750
2750
2750
2750
2750
2750
2736
2736
2736
2736
2736
2745
2745
2745
2745
2745
2757
2757
2757
2757
2757
2757
2748
2748
2748
2748
2748
2740
2740
2740
2740
2740
2741
2741
2741
2741
2741
2741
2757
2757
2757
2757
2757
2729
2729
2729
2729
2729
2737
2737
2737
2737
2737
2737
2751
2751
2751
2751
2751
2747
2747
2747
2747
2747
2738
2738
2738
2738
2738
2738
2746
2746
2746
2746
2746
2739
2739
2739
2739
2739
2751
2751
2751
2751
2751
2751
2758
2758
2758
2758
2758
2741
2741
2741
2741
2741
2749
2749
2749
2749
2749
2749
2754
2754
2754
2754
2754
2757
2757
2757
2757
2757
2744
2744
2744
2744
2744
2744
2738
2738
2738
2738
2738
2737
2737
2737
2737
2737
2737
2737
2737
2737
2737
2737
2745
2745
2745
2745
2745
2739
2739
2739
2739
2739
2740
2740
2740
2740
2740
2740
2744
2744
2744
2744
2744
2742
2742
2742
2742
2742
2745
2745
2745
2745
2745
2745
2737
2737
2737
2737
2737
2741
2741
2741
2741
2741
2744
2744
2744
2744
2744
2744
2745
2745
2745
2745
2745
2740
2740
2740
2740
2740
2762
2762
2762
2762
2762
2762
2751
2751
2751
2751
2751
2761
2761
2761
2761
2761
2734
2734
2734
2734
2734
2734
2737
2737
2737
2737
2737
2757
2757
2757
2757
2757
2747
2747
2747
2747
2747
2747
2752
2752
2752
2752
2752
2759
2759
2759
2759
2759
2755
2755
2755
2755
2755
2755
2753
2753
2753
2753
2753
2732
2732
2732
2732
2732
2752
2752
2752
2752
2752
2752
2734
2734
2734
2734
2734
2748
2748
2748
2748
2748
2745
2745
2745
2745
2745
2745
2748
2748
2748
2748
2748
2731
2731
2731
2731
2731
2738
2738
2738
2738
2738
2738
2731
2731
2731
2731
2731
2739
2739
2739
2739
2739
2733
2733
2733
2733
2733
2733
2752
2752
2752
2752
2752
2748
2748
2748
2748
2748
2743
2743
2743
2743
2743
2743
2753
2753
2753
2753
2753
2745
2745
2745
2745
2745
2746
2746
2746
2746
2746
2746
2746
2746
2746
2746
2746
2742
2742
2742
2742
2742
2745
2745
2745
2745
2745
2745
2754
2754
2754
2754
2754
2748
2748
2748
2748
2748
2741
2741
2741
2741
2741
2741
2750
2750
2750
2750
2750
2741
2741
2741
2741
2741
2746
2746
2746
2746
2746
2746
2741
2741
2741
2741
2741
2739
2739
2739
2739
2739
2748
2748
2748
2748
2748
2748
2733
2733
2733
2733
2733
2750
2750
2750
2750
2750
2739
2739
2739
2739
2739
2739
2746
2746
2746
2746
2746
2742
2742
2742
2742
2742
2738
2738
2738
2738
2738
2738
2746
2746
2746
2746
2746
2753
2753
2753
2753
2753
2732
2732
2732
2732
2732
2732
2734
2734
2734
2734
2734
2753
2753
2753
2753
2753
2753
2753
2753
2753
2753
2753
2739
2739
2739
2739
2739
2735
2735
2735
2735
2735
2742
2742
2742
2742
2742
2742
2735
2735
2735
2735
2735
2744
2744
2744
2744
2744
2737
2737
2737
2737
2737
2737
2741
2741
2741
2741
2741
2745
2745
2745
2745
2745
2736
2736
2736
2736
2736
2736
2732
2732
2732
2732
2732
2733
2733
2733
2733
2733
2740
2740
2740
2740
2740
2740
2745
2745
2745
2745
2745
2736
2736
2736
2736
2736
2749
2749
2749
2749
2749
2749
2733
2733
2733
2733
2733
2752
2752
2752
2752
2752
2748
2748
2748
2748
2748
2748
2744
2744
2744
2744
2744
2754
2754
2754
2754
2754
2758
2758
2758
2758
2758
2758
2742
2742
2742
2742
2742
2754
2754
2754
2754
2754
2756
2756
2756
2756
2756
2756
2766
2766
2766
2766
2766
2753
2753
2753
2753
2753
2759
2759
2759
2759
2759
2759
2765
2765
2765
2765
2765
2766
2766
2766
2766
2766
2758
2758
2758
2758
2758
2758
2761
2761
2761
2761
2761
2754
2754
2754
2754
2754
2742
2742
2742
2742
2742
2742
2731
2731
2731
2731
2731
2722
2722
2722
2722
2722
2735
2735
2735
2735
2735
2735
2732
2732
2732
2732
2732
2713
2713
2713
2713
2713
2735
2735
2735
2735
2735
2735
2724
2724
2724
2724
2724
2745
2745
2745
2745
2745
2743
2743
2743
2743
2743
2743
2735
2735
2735
2735
2735
2752
2752
2752
2752
2752
2743
2743
2743
2743
2743
2743
2744
2744
2744
2744
2744
2737
2737
2737
2737
2737
2746
2746
2746
2746
2746
2746
2739
2739
2739
2739
2739
2732
2732
2732
2732
2732
2738
2738
2738
2738
2738
2738
2746
2746
2746
2746
2746
2753
2753
2753
2753
2753
2752
2752
2752
2752
2752
2752
2759
2759
2759
2759
2759
2768
2768
2768
2768
2768
2767
2767
2767
2767
2767
2767
2775
2775
2775
2775
2775
2758
2758
2758
2758
2758
2761
2761
2761
2761
2761
2761
2768
2768
2768
2768
2768
2753
2753
2753
2753
2753
2740
2740
2740
2740
2740
2740
2739
2739
2739
2739
2739
2732
2732
2732
2732
2732
2736
2736
2736
2736
2736
2736
2731
2731
2731
2731
2731
2721
2721
2721
2721
2721
2731
2731
2731
2731
2731
2731
2725
2725
2725
2725
2725
2726
2726
2726
2726
2726
2724
2724
2724
2724
2724
2724
2734
2734
2734
2734
2734
2730
2730
2730
2730
2730
2719
2719
2719
2719
2719
2719
2712
2712
2712
2712
2712
2718
2718
2718
2718
2718
2714
2714
2714
2714
2714
2714
2718
2718
2718
2718
2718
2710
2710
2710
2710
2710
2721
2721
2721
2721
2721
2721
2717
2717
2717
2717
2717
2713
2713
2713
2713
2713
2708
2708
2708
2708
2708
2708
2701
2701
2701
2701
2701
2711
2711
2711
2711
2711
2705
2705
2705
2705
2705
2705
2696
2696
2696
2696
2696
2715
2715
2715
2715
2715
2716
2716
2716
2716
2716
2716
2743
2743
2743
2743
2743
2727
2727
2727
2727
2727
2714
2714
2714
2714
2714
2714
2702
2702
2702
2702
2702
2663
2663
2663
2663
2663
2636
2636
2636
2636
2636
2636
2600
2600
2600
2600
2600
2595
2595
2595
2595
2595
2596
2596
2596
2596
2596
2596
2629
2629
2629
2629
2629
2706
2706
2706
2706
2706
2808
2808
2808
2808
2808
2808
2922
2922
2922
2922
2922
3044
3044
3044
3044
3044
3149
3149
3149
3149
3149
3149
3240
3240
3240
3240
3240
3292
3292
3292
3292
3292
3293
3293
3293
3293
3293
3293
3233
3233
3233
3233
3233
3175
3175
3175
3175
3175
3064
3064
3064
3064
3064
3064
2968
2968
2968
2968
2968
2839
2839
2839
2839
2839
2755
2755
2755
2755
2755
2755
2653
2653
2653
2653
2653
2598
2598
2598
2598
2598
2519
2519
2519
2519
2519
2519
2462
2462
2462
2462
2462
2392
2392
2392
2392
2392
2331
2331
2331
2331
2331
2331
2276
2276
2276
2276
2276
2241
2241
2241
2241
2241
2217
2217
2217
2217
2217
2217
2208
2208
2208
2208
2208
2210
2210
2210
2210
2210
2239
2239
2239
2239
2239
2239
2273
2273
2273
2273
2273
2320
2320
2320
2320
2320
2375
2375
2375
2375
2375
2375
2450
2450
2450
2450
2450
2531
2531
2531
2531
2531
2646
2646
2646
2646
2646
2646
2772
2772
2772
2772
2772
2891
2891
2891
2891
2891
3026
3026
3026
3026
3026
3026
3133
3133
3133
3133
3133
3212
3212
3212
3212
3212
3252
3252
3252
3252
3252
3252
3303
3303
3303
3303
3303
3303
3303
3303
3303
3303
3296
3296
3296
3296
3296
3296
3275
3275
3275
3275
3275
3238
3238
3238
3238
3238
3220
3220
3220
3220
3220
3220
3175
3175
3175
3175
3175
3134
3134
3134
3134
3134
3108
3108
3108
3108
3108
3108
3047
3047
3047
3047
3047
3005
3005
3005
3005
3005
2948
2948
2948
2948
2948
2948
2912
2912
2912
2912
2912
2872
2872
2872
2872
2872
2798
2798
2798
2798
2798
2798
2725
2725
2725
2725
2725
2632
2632
2632
2632
2632
2565
2565
2565
2565
2565
2565
2467
2467
2467
2467
2467
2394
2394
2394
2394
2394
2346
2346
2346
2346
2346
2346
2310
2310
2310
2310
2310
2293
2293
2293
2293
2293
2265
2265
2265
2265
2265
2265
2286
2286
2286
2286
2286
2304
2304
2304
2304
2304
2319
2319
2319
2319
2319
2319
2333
2333
2333
2333
2333
2380
2380
2380
2380
2380
2421
2421
2421
2421
2421
2421
2483
2483
2483
2483
2483
2556
2556
2556
2556
2556
2616
2616
2616
2616
2616
2616
2707
2707
2707
2707
2707
2778
2778
2778
2778
2778
2831
2831
2831
2831
2831
2831
2871
2871
2871
2871
2871
2897
2897
2897
2897
2897
2946
2946
2946
2946
2946
2946
2974
2974
2974
2974
2974
2994
2994
2994
2994
2994
3015
3015
3015
3015
3015
3015
3023
3023
3023
3023
3023
3024
3024
3024
3024
3024
2996
2996
2996
2996
2996
2996
2981
2981
2981
2981
2981
2967
2967
2967
2967
2967
2957
2957
2957
2957
2957
2957
2936
2936
2936
2936
2936
2932
2932
2932
2932
2932
2939
2939
2939
2939
2939
2939
2921
2921
2921
2921
2921
2923
2923
2923
2923
2923
2916
2916
2916
2916
2916
2916
2915
2915
2915
2915
2915
2894
2894
2894
2894
2894
2874
2874
2874
2874
2874
2874
2835
2835
2835
2835
2835
2822
2822
2822
2822
2822
2792
2792
2792
2792
2792
2792
2761
2761
2761
2761
2761
2727
2727
2727
2727
2727
2711
2711
2711
2711
2711
2711
2690
2690
2690
2690
2690
2663
2663
2663
2663
2663
2643
2643
2643
2643
2643
2643
2633
2633
2633
2633
2633
2614
2614
2614
2614
2614
2601
2601
2601
2601
2601
2601
2598
2598
2598
2598
2598
2574
2574
2574
2574
2574
2578
2578
2578
2578
2578
2578
2561
2561
2561
2561
2561
2557
2557
2557
2557
2557
2538
2538
2538
2538
2538
2538
2552
2552
2552
2552
2552
2556
2556
2556
2556
2556
2568
2568
2568
2568
2568
2568
2606
2606
2606
2606
2606
2632
2632
2632
2632
2632
2679
2679
2679
2679
2679
2679
2716
2716
2716
2716
2716
2761
2761
2761
2761
2761
2795
2795
2795
2795
2795
2795
2815
2815
2815
2815
2815
2839
2839
2839
2839
2839
2833
2833
2833
2833
2833
2833
2847
2847
2847
2847
2847
2857
2857
2857
2857
2857
2865
2865
2865
2865
2865
2865
2858
2858
2858
2858
2858
2862
2862
2862
2862
2862
2864
2864
2864
2864
2864
2864
2870
2870
2870
2870
2870
2865
2865
2865
2865
2865
2862
2862
2862
2862
2862
2862
2860
2860
2860
2860
2860
2846
2846
2846
2846
2846
2837
2837
2837
2837
2837
2837
2839
2839
2839
2839
2839
2824
2824
2824
2824
2824
2806
2806
2806
2806
2806
2806
2793
2793
2793
2793
2793
2765
2765
2765
2765
2765
2752
2752
2752
2752
2752
2752
2769
2769
2769
2769
2769
2755
2755
2755
2755
2755
2761
2761
2761
2761
2761
2761
2768
2768
2768
2768
2768
2774
2774
2774
2774
2774
2766
2766
2766
2766
2766
2766
2761
2761
2761
2761
2761
2738
2738
2738
2738
2738
2721
2721
2721
2721
2721
2721
2704
2704
2704
2704
2704
2688
2688
2688
2688
2688
2675
2675
2675
2675
2675
2675
2666
2666
2666
2666
2666
2653
2653
2653
2653
2653
2664
2664
2664
2664
2664
2664
2659
2659
2659
2659
2659
2661
2661
2661
2661
2661
2673
2673
2673
2673
2673
2673
2671
2671
2671
2671
2671
2679
2679
2679
2679
2679
2678
2678
2678
2678
2678
2678
2681
2681
2681
2681
2681
2690
2690
2690
2690
2690
2682
2682
2682
2682
2682
2682
2682
2682
2682
2682
2682
2709
2709
2709
2709
2709
2713
2713
2713
2713
2713
2713
2722
2722
2722
2722
2722
2747
2747
2747
2747
2747
2754
2754
2754
2754
2754
2754
2770
2770
2770
2770
2770
2792
2792
2792
2792
2792
2796
2796
2796
2796
2796
2796
2832
2832
2832
2832
2832
2824
2824
2824
2824
2824
2842
2842
2842
2842
2842
2842
2847
2847
2847
2847
2847
2836
2836
2836
2836
2836
2829
2829
2829
2829
2829
2829
2818
2818
2818
2818
2818
2798
2798
2798
2798
2798
2809
2809
2809
2809
2809
2809
2806
2806
2806
2806
2806
2821
2821
2821
2821
2821
2826
2826
2826
2826
2826
2826
2823
2823
2823
2823
2823
2825
2825
2825
2825
2825
2819
2819
2819
2819
2819
2819
2804
2804
2804
2804
2804
2788
2788
2788
2788
2788
2759
2759
2759
2759
2759
2759
2739
2739
2739
2739
2739
2729
2729
2729
2729
2729
2720
2720
2720
2720
2720
2720
2724
2724
2724
2724
2724
2706
2706
2706
2706
2706
2714
2714
2714
2714
2714
2714
2700
2700
2700
2700
2700
2701
2701
2701
2701
2701
2692
2692
2692
2692
2692
2692
2706
2706
2706
2706
2706
2702
2702
2702
2702
2702
2713
2713
2713
2713
2713
2713
2720
2720
2720
2720
2720
2723
2723
2723
2723
2723
2711
2711
2711
2711
2711
2711
2722
2722
2722
2722
2722
2715
2715
2715
2715
2715
2700
2700
2700
2700
2700
2700
2718
2718
2718
2718
2718
2710
2710
2710
2710
2710
2726
2726
2726
2726
2726
2726
2736
2736
2736
2736
2736
2761
2761
2761
2761
2761
2791
2791
2791
2791
2791
2791
2805
2805
2805
2805
2805
2790
2790
2790
2790
2790
2807
2807
2807
2807
2807
2807
2796
2796
2796
2796
2796
2765
2765
2765
2765
2765
2754
2754
2754
2754
2754
2754
2755
2755
2755
2755
2755
2772
2772
2772
2772
2772
2780
2780
2780
2780
2780
2780
2795
2795
2795
2795
2795
2798
2798
2798
2798
2798
2813
2813
2813
2813
2813
2813
2802
2802
2802
2802
2802
2804
2804
2804
2804
2804
2779
2779
2779
2779
2779
2779
2778
2778
2778
2778
2778
2769
2769
2769
2769
2769
2786
2786
2786
2786
2786
2786
2782
2782
2782
2782
2782
2791
2791
2791
2791
2791
2785
2785
2785
2785
2785
2785
2778
2778
2778
2778
2778
2775
2775
2775
2775
2775
2768
2768
2768
2768
2768
2768
2758
2758
2758
2758
2758
2754
2754
2754
2754
2754
2755
2755
2755
2755
2755
2755
2752
2752
2752
2752
2752
2764
2764
2764
2764
2764
2754
2754
2754
2754
2754
2754
2764
2764
2764
2764
2764
2747
2747
2747
2747
2747
2748
2748
2748
2748
2748
2748
2727
2727
2727
2727
2727
2724
2724
2724
2724
2724
2706
2706
2706
2706
2706
2706
2718
2718
2718
2718
2718
2716
2716
2716
2716
2716
2728
2728
2728
2728
2728
2728
2734
2734
2734
2734
2734
2753
2753
2753
2753
2753
2754
2754
2754
2754
2754
2754
2768
2768
2768
2768
2768
2751
2751
2751
2751
2751
2754
2754
2754
2754
2754
2754
2755
2755
2755
2755
2755
2754
2754
2754
2754
2754
2747
2747
2747
2747
2747
2747
2745
2745
2745
2745
2745
2749
2749
2749
2749
2749
2749
2749
2749
2749
2749
2749
2767
2767
2767
2767
2767
2759
2759
2759
2759
2759
2766
2766
2766
2766
2766
2766
2768
2768
2768
2768
2768
2761
2761
2761
2761
2761
2766
2766
2766
2766
2766
2766
2762
2762
2762
2762
2762
2760
2760
2760
2760
2760
2766
2766
2766
2766
2766
2766
2758
2758
2758
2758
2758
2761
2761
2761
2761
2761
2764
2764
2764
2764
2764
2764
2751
2751
2751
2751
2751
2750
2750
2750
2750
2750
2746
2746
2746
2746
2746
2746
2746
2746
2746
2746
2746
2750
2750
2750
2750
2750
2751
2751
2751
2751
2751
2751
2757
2757
2757
2757
2757
2764
2764
2764
2764
2764
2761
2761
2761
2761
2761
2761
2763
2763
2763
2763
2763
2760
2760
2760
2760
2760
2767
2767
2767
2767
2767
2767
2759
2759
2759
2759
2759
2743
2743
2743
2743
2743
2744
2744
2744
2744
2744
2744
2759
2759
2759
2759
2759
2747
2747
2747
2747
2747
2749
2749
2749
2749
2749
2749
2754
2754
2754
2754
2754
2770
2770
2770
2770
2770
2765
2765
2765
2765
2765
2765
2759
2759
2759
2759
2759
2753
2753
2753
2753
2753
2757
2757
2757
2757
2757
2757
2753
2753
2753
2753
2753
2740
2740
2740
2740
2740
2724
2724
2724
2724
2724
2724
2732
2732
2732
2732
2732
2738
2738
2738
2738
2738
2733
2733
2733
2733
2733
2733
2730
2730
2730
2730
2730
2748
2748
2748
2748
2748
2738
2738
2738
2738
2738
2738
2735
2735
2735
2735
2735
2742
2742
2742
2742
2742
2722
2722
2722
2722
2722
2722
2744
2744
2744
2744
2744
2730
2730
2730
2730
2730
2729
2729
2729
2729
2729
2729
2730
2730
2730
2730
2730
2737
2737
2737
2737
2737
2741
2741
2741
2741
2741
2741
2737
2737
2737
2737
2737
2744
2744
2744
2744
2744
2734
2734
2734
2734
2734
2734
2749
2749
2749
2749
2749
2738
2738
2738
2738
2738
2738
2738
2738
2738
2738
2738
2751
2751
2751
2751
2751
2760
2760
2760
2760
2760
2749
2749
2749
2749
2749
2749
2756
2756
2756
2756
2756
2755
2755
2755
2755
2755
2770
2770
2770
2770
2770
2770
2781
2781
2781
2781
2781
2762
2762
2762
2762
2762
2764
2764
2764
2764
2764
2764
2764
2764
2764
2764
2764
2747
2747
2747
2747
2747
2741
2741
2741
2741
2741
2741
2743
2743
2743
2743
2743
2745
2745
2745
2745
2745
2745
2745
2745
2745
2745
2745
2750
2750
2750
2750
2750
2755
2755
2755
2755
2755
2755
2755
2755
2755
2755
2755
2760
2760
2760
2760
2760
2745
2745
2745
2745
2745
2730
2730
2730
2730
2730
2730
2734
2734
2734
2734
2734
2723
2723
2723
2723
2723
2716
2716
2716
2716
2716
2716
2716
2716
2716
2716
2716
2728
2728
2728
2728
2728
2735
2735
2735
2735
2735
2735
2744
2744
2744
2744
2744
2740
2740
2740
2740
2740
2740
2740
2740
2740
2740
2740
2750
2750
2750
2750
2750
2740
2740
2740
2740
2740
2728
2728
2728
2728
2728
2728
2735
2735
2735
2735
2735
2723
2723
2723
2723
2723
2722
2722
2722
2722
2722
2722
2725
2725
2725
2725
2725
2716
2716
2716
2716
2716
2741
2741
2741
2741
2741
2741
2740
2740
2740
2740
2740
2735
2735
2735
2735
2735
2749
2749
2749
2749
2749
2749
2742
2742
2742
2742
2742
2751
2751
2751
2751
2751
2737
2737
2737
2737
2737
2737
2744
2744
2744
2744
2744
2748
2748
2748
2748
2748
2748
2748
2748
2748
2748
2748
2748
2748
2748
2748
2748
2761
2761
2761
2761
2761
2770
2770
2770
2770
2770
2770
2776
2776
2776
2776
2776
2743
2743
2743
2743
2743
2754
2754
2754
2754
2754
2754
2747
2747
2747
2747
2747
2753
2753
2753
2753
2753
2740
2740
2740
2740
2740
2740
2742
2742
2742
2742
2742
2742
2742
2742
2742
2742
2745
2745
2745
2745
2745
2745
2741
2741
2741
2741
2741
2738
2738
2738
2738
2738
2738
2738
2738
2738
2738
2738
2743
2743
2743
2743
2743
2730
2730
2730
2730
2730
2743
2743
2743
2743
2743
2743
2740
2740
2740
2740
2740
2747
2747
2747
2747
2747
2716
2716
2716
2716
2716
2716
2728
2728
2728
2728
2728
2722
2722
2722
2722
2722
2724
2724
2724
2724
2724
2724
2725
2725
2725
2725
2725
2708
2708
2708
2708
2708
2726
2726
2726
2726
2726
2726
2726
2726
2726
2726
2726
2728
2728
2728
2728
2728
2715
2715
2715
2715
2715
2715
2726
2726
2726
2726
2726
2722
2722
2722
2722
2722
2738
2738
2738
2738
2738
2738
2737
2737
2737
2737
2737
2749
2749
2749
2749
2749
2759
2759
2759
2759
2759
2759
2762
2762
2762
2762
2762
2758
2758
2758
2758
2758
2761
2761
2761
2761
2761
2761
2749
2749
2749
2749
2749
2766
2766
2766
2766
2766
2760
2760
2760
2760
2760
2760
2757
2757
2757
2757
2757
2751
2751
2751
2751
2751
2767
2767
2767
2767
2767
2767
2759
2759
2759
2759
2759
2766
2766
2766
2766
2766
2736
2736
2736
2736
2736
2736
2753
2753
2753
2753
2753
2744
2744
2744
2744
2744
2758
2758
2758
2758
2758
2758
2761
2761
2761
2761
2761
2749
2749
2749
2749
2749
2753
2753
2753
2753
2753
2753
2743
2743
2743
2743
2743
2745
2745
2745
2745
2745
2755
2755
2755
2755
2755
2755
2747
2747
2747
2747
2747
2743
2743
2743
2743
2743
2727
2727
2727
2727
2727
2727
2747
2747
2747
2747
2747
2749
2749
2749
2749
2749
2744
2744
2744
2744
2744
2744
2739
2739
2739
2739
2739
2748
2748
2748
2748
2748
2745
2745
2745
2745
2745
2745
2742
2742
2742
2742
2742
2739
2739
2739
2739
2739
2741
2741
2741
2741
2741
2741
2732
2732
2732
2732
2732
2734
2734
2734
2734
2734
2747
2747
2747
2747
2747
2747
2728
2728
2728
2728
2728
2741
2741
2741
2741
2741
2744
2744
2744
2744
2744
2744
2741
2741
2741
2741
2741
2739
2739
2739
2739
2739
2746
2746
2746
2746
2746
2746
2754
2754
2754
2754
2754
2750
2750
2750
2750