2793
2788
2788
2788
2788
2788
2788
2752
2752
2752
2752
2752
2764
2764
2764
2764
2764
2792
2792
2792
2792
2792
2792
2794
2794
2794
2794
2794
2804
2804
2804
2804
2804
2799
2799
2799
2799
2799
2799
2759
2759
2759
2759
2759
2800
2800
2800
2800
2800
2756
2756
2756
2756
2756
2756
2802
2802
2802
2802
2802
2784
2784
2784
2784
2784
2764
2764
2764
2764
2764
2764
2801
2801
2801
2801
2801
2772
2772
2772
2772
2772
2795
2795
2795
2795
2795
2795
2798
2798
2798
2798
2798
2794
2794
2794
2794
2794
2750
2750
2750
2750
2750
2750
2815
2815
2815
2815
2815
2756
2756
2756
2756
2756
2800
2800
2800
2800
2800
2800
2796
2796
2796
2796
2796
2785
2785
2785
2785
2785
2775
2775
2775
2775
2775
2775
2804
2804
2804
2804
2804
2790
2790
2790
2790
2790
2786
2786
2786
2786
2786
2786
2758
2758
2758
2758
2758
2777
2777
2777
2777
2777
2792
2792
2792
2792
2792
2792
2763
2763
2763
2763
2763
2778
2778
2778
2778
2778
2800
2800
2800
2800
2800
2800
2779
2779
2779
2779
2779
2785
2785
2785
2785
2785
2805
2805
2805
2805
2805
2805
2813
2813
2813
2813
2813
2790
2790
2790
2790
2790
2785
2785
2785
2785
2785
2785
2756
2756
2756
2756
2756
2765
2765
2765
2765
2765
2742
2742
2742
2742
2742
2742
2726
2726
2726
2726
2726
2791
2791
2791
2791
2791
2776
2776
2776
2776
2776
2776
2756
2756
2756
2756
2756
2792
2792
2792
2792
2792
2786
2786
2786
2786
2786
2786
2822
2822
2822
2822
2822
2803
2803
2803
2803
2803
2793
2793
2793
2793
2793
2793
2783
2783
2783
2783
2783
2777
2777
2777
2777
2777
2773
2773
2773
2773
2773
2773
2756
2756
2756
2756
2756
2780
2780
2780
2780
2780
2789
2789
2789
2789
2789
2789
2793
2793
2793
2793
2793
2823
2823
2823
2823
2823
2765
2765
2765
2765
2765
2765
2763
2763
2763
2763
2763
2781
2781
2781
2781
2781
2765
2765
2765
2765
2765
2765
2777
2777
2777
2777
2777
2788
2788
2788
2788
2788
2764
2764
2764
2764
2764
2764
2787
2787
2787
2787
2787
2797
2797
2797
2797
2797
2755
2755
2755
2755
2755
2755
2797
2797
2797
2797
2797
2785
2785
2785
2785
2785
2803
2803
2803
2803
2803
2803
2801
2801
2801
2801
2801
2796
2796
2796
2796
2796
2763
2763
2763
2763
2763
2763
2781
2781
2781
2781
2781
2792
2792
2792
2792
2792
2770
2770
2770
2770
2770
2770
2756
2756
2756
2756
2756
2760
2760
2760
2760
2760
2808
2808
2808
2808
2808
2808
2781
2781
2781
2781
2781
2769
2769
2769
2769
2769
2782
2782
2782
2782
2782
2782
2778
2778
2778
2778
2778
2783
2783
2783
2783
2783
2772
2772
2772
2772
2772
2772
2770
2770
2770
2770
2770
2784
2784
2784
2784
2784
2745
2745
2745
2745
2745
2745
2758
2758
2758
2758
2758
2799
2799
2799
2799
2799
2799
2799
2799
2799
2799
2799
2758
2758
2758
2758
2758
2809
2809
2809
2809
2809
2814
2814
2814
2814
2814
2814
2793
2793
2793
2793
2793
2786
2786
2786
2786
2786
2754
2754
2754
2754
2754
2754
2750
2750
2750
2750
2750
2759
2759
2759
2759
2759
2777
2777
2777
2777
2777
2777
2731
2731
2731
2731
2731
2768
2768
2768
2768
2768
2750
2750
2750
2750
2750
2750
2770
2770
2770
2770
2770
2739
2739
2739
2739
2739
2724
2724
2724
2724
2724
2724
2746
2746
2746
2746
2746
2760
2760
2760
2760
2760
2768
2768
2768
2768
2768
2768
2789
2789
2789
2789
2789
2771
2771
2771
2771
2771
2823
2823
2823
2823
2823
2823
2793
2793
2793
2793
2793
2764
2764
2764
2764
2764
2759
2759
2759
2759
2759
2759
2710
2710
2710
2710
2710
2689
2689
2689
2689
2689
2728
2728
2728
2728
2728
2728
2812
2812
2812
2812
2812
2892
2892
2892
2892
2892
3059
3059
3059
3059
3059
3059
3246
3246
3246
3246
3246
3461
3461
3461
3461
3461
3658
3658
3658
3658
3658
3658
3759
3759
3759
3759
3759
3811
3811
3811
3811
3811
3734
3734
3734
3734
3734
3734
3567
3567
3567
3567
3567
3227
3227
3227
3227
3227
2854
2854
2854
2854
2854
2854
2462
2462
2462
2462
2462
2077
2077
2077
2077
2077
1771
1771
1771
1771
1771
1771
1543
1543
1543
1543
1543
1456
1456
1456
1456
1456
1413
1413
1413
1413
1413
1413
1433
1433
1433
1433
1433
1507
1507
1507
1507
1507
1672
1672
1672
1672
1672
1672
1865
1865
1865
1865
1865
2126
2126
2126
2126
2126
2439
2439
2439
2439
2439
2439
2712
2712
2712
2712
2712
3046
3046
3046
3046
3046
3278
3278
3278
3278
3278
3278
3429
3429
3429
3429
3429
3537
3537
3537
3537
3537
3525
3525
3525
3525
3525
3525
3421
3421
3421
3421
3421
3345
3345
3345
3345
3345
3258
3258
3258
3258
3258
3258
3258
3258
3258
3258
3258
3303
3303
3303
3303
3303
3389
3389
3389
3389
3389
3389
3492
3492
3492
3492
3492
3608
3608
3608
3608
3608
3765
3765
3765
3765
3765
3765
3771
3771
3771
3771
3771
3768
3768
3768
3768
3768
3704
3704
3704
3704
3704
3704
3604
3604
3604
3604
3604
3445
3445
3445
3445
3445
3234
3234
3234
3234
3234
3234
3073
3073
3073
3073
3073
2927
2927
2927
2927
2927
2756
2756
2756
2756
2756
2756
2616
2616
2616
2616
2616
2435
2435
2435
2435
2435
2311
2311
2311
2311
2311
2311
2153
2153
2153
2153
2153
2024
2024
2024
2024
2024
1943
1943
1943
1943
1943
1943
1926
1926
1926
1926
1926
1955
1955
1955
1955
1955
2008
2008
2008
2008
2008
2008
2051
2051
2051
2051
2051
2076
2076
2076
2076
2076
2062
2062
2062
2062
2062
2062
2120
2120
2120
2120
2120
2072
2072
2072
2072
2072
2108
2108
2108
2108
2108
2108
2158
2158
2158
2158
2158
2272
2272
2272
2272
2272
2470
2470
2470
2470
2470
2470
2577
2577
2577
2577
2577
2743
2743
2743
2743
2743
2821
2821
2821
2821
2821
2821
2844
2844
2844
2844
2844
2936
2936
2936
2936
2936
2961
2961
2961
2961
2961
2961
3017
3017
3017
3017
3017
3115
3115
3115
3115
3115
3303
3303
3303
3303
3303
3303
3454
3454
3454
3454
3454
3641
3641
3641
3641
3641
3695
3695
3695
3695
3695
3695
3677
3677
3677
3677
3677
3631
3631
3631
3631
3631
3498
3498
3498
3498
3498
3498
3466
3466
3466
3466
3466
3448
3448
3448
3448
3448
3419
3419
3419
3419
3419
3419
3417
3417
3417
3417
3417
3460
3460
3460
3460
3460
3482
3482
3482
3482
3482
3482
3455
3455
3455
3455
3455
3332
3332
3332
3332
3332
3146
3146
3146
3146
3146
3146
2938
2938
2938
2938
2938
2757
2757
2757
2757
2757
2676
2676
2676
2676
2676
2676
2534
2534
2534
2534
2534
2498
2498
2498
2498
2498
2449
2449
2449
2449
2449
2449
2469
2469
2469
2469
2469
2460
2460
2460
2460
2460
2417
2417
2417
2417
2417
2417
2360
2360
2360
2360
2360
2317
2317
2317
2317
2317
2222
2222
2222
2222
2222
2222
2135
2135
2135
2135
2135
2184
2184
2184
2184
2184
2124
2124
2124
2124
2124
2124
2170
2170
2170
2170
2170
2242
2242
2242
2242
2242
2301
2301
2301
2301
2301
2301
2415
2415
2415
2415
2415
2412
2412
2412
2412
2412
2499
2499
2499
2499
2499
2499
2567
2567
2567
2567
2567
2550
2550
2550
2550
2550
2628
2628
2628
2628
2628
2628
2662
2662
2662
2662
2662
2743
2743
2743
2743
2743
2893
2893
2893
2893
2893
2893
2991
2991
2991
2991
2991
3076
3076
3076
3076
3076
3120
3120
3120
3120
3120
3120
3170
3170
3170
3170
3170
3207
3207
3207
3207
3207
3253
3253
3253
3253
3253
3253
3188
3188
3188
3188
3188
3215
3215
3215
3215
3215
3200
3200
3200
3200
3200
3200
3227
3227
3227
3227
3227
3227
3227
3227
3227
3227
3202
3202
3202
3202
3202
3202
3238
3238
3238
3238
3238
3264
3264
3264
3264
3264
3249
3249
3249
3249
3249
3249
3185
3185
3185
3185
3185
3120
3120
3120
3120
3120
3059
3059
3059
3059
3059
3059
3021
3021
3021
3021
3021
2992
2992
2992
2992
2992
2906
2906
2906
2906
2906
2906
2829
2829
2829
2829
2829
2835
2835
2835
2835
2835
2779
2779
2779
2779
2779
2779
2742
2742
2742
2742
2742
2681
2681
2681
2681
2681
2616
2616
2616
2616
2616
2616
2541
2541
2541
2541
2541
2560
2560
2560
2560
2560
2499
2499
2499
2499
2499
2499
2449
2449
2449
2449
2449
2410
2410
2410
2410
2410
2387
2387
2387
2387
2387
2387
2435
2435
2435
2435
2435
2464
2464
2464
2464
2464
2485
2485
2485
2485
2485
2485
2454
2454
2454
2454
2454
2506
2506
2506
2506
2506
2590
2590
2590
2590
2590
2590
2587
2587
2587
2587
2587
2635
2635
2635
2635
2635
2688
2688
2688
2688
2688
2688
2673
2673
2673
2673
2673
2704
2704
2704
2704
2704
2753
2753
2753
2753
2753
2753
2789
2789
2789
2789
2789
2773
2773
2773
2773
2773
2894
2894
2894
2894
2894
2894
2855
2855
2855
2855
2855
2857
2857
2857
2857
2857
2947
2947
2947
2947
2947
2947
2933
2933
2933
2933
2933
2994
2994
2994
2994
2994
3022
3022
3022
3022
3022
3022
3011
3011
3011
3011
3011
3028
3028
3028
3028
3028
3030
3030
3030
3030
3030
3030
3063
3063
3063
3063
3063
3109
3109
3109
3109
3109
3093
3093
3093
3093
3093
3093
3136
3136
3136
3136
3136
3139
3139
3139
3139
3139
3099
3099
3099
3099
3099
3099
3056
3056
3056
3056
3056
2989
2989
2989
2989
2989
2995
2995
2995
2995
2995
2995
2905
2905
2905
2905
2905
2857
2857
2857
2857
2857
2797
2797
2797
2797
2797
2797
2729
2729
2729
2729
2729
2709
2709
2709
2709
2709
2702
2702
2702
2702
2702
2702
2690
2690
2690
2690
2690
2614
2614
2614
2614
2614
2678
2678
2678
2678
2678
2678
2695
2695
2695
2695
2695
2706
2706
2706
2706
2706
2687
2687
2687
2687
2687
2687
2686
2686
2686
2686
2686
2682
2682
2682
2682
2682
2688
2688
2688
2688
2688
2688
2738
2738
2738
2738
2738
2655
2655
2655
2655
2655
2642
2642
2642
2642
2642
2642
2626
2626
2626
2626
2626
2636
2636
2636
2636
2636
2641
2641
2641
2641
2641
2641
2701
2701
2701
2701
2701
2689
2689
2689
2689
2689
2748
2748
2748
2748
2748
2748
2768
2768
2768
2768
2768
2805
2805
2805
2805
2805
2824
2824
2824
2824
2824
2824
2855
2855
2855
2855
2855
2828
2828
2828
2828
2828
2838
2838
2838
2838
2838
2838
2848
2848
2848
2848
2848
2877
2877
2877
2877
2877
2851
2851
2851
2851
2851
2851
2846
2846
2846
2846
2846
2862
2862
2862
2862
2862
2857
2857
2857
2857
2857
2857
2890
2890
2890
2890
2890
2856
2856
2856
2856
2856
2887
2887
2887
2887
2887
2887
2885
2885
2885
2885
2885
2862
2862
2862
2862
2862
2850
2850
2850
2850
2850
2850
2846
2846
2846
2846
2846
2861
2861
2861
2861
2861
2866
2866
2866
2866
2866
2866
2851
2851
2851
2851
2851
2860
2860
2860
2860
2860
2839
2839
2839
2839
2839
2839
2801
2801
2801
2801
2801
2798
2798
2798
2798
2798
2788
2788
2788
2788
2788
2788
2784
2784
2784
2784
2784
2780
2780
2780
2780
2780
2790
2790
2790
2790
2790
2790
2812
2812
2812
2812
2812
2829
2829
2829
2829
2829
2811
2811
2811
2811
2811
2811
2811
2811
2811
2811
2811
2820
2820
2820
2820
2820
2823
2823
2823
2823
2823
2823
2803
2803
2803
2803
2803
2801
2801
2801
2801
2801
2795
2795
2795
2795
2795
2795
2827
2827
2827
2827
2827
2802
2802
2802
2802
2802
2819
2819
2819
2819
2819
2819
2818
2818
2818
2818
2818
2836
2836
2836
2836
2836
2821
2821
2821
2821
2821
2821
2809
2809
2809
2809
2809
2845
2845
2845
2845
2845
2835
2835
2835
2835
2835
2835
2826
2826
2826
2826
2826
2837
2837
2837
2837
2837
2819
2819
2819
2819
2819
2819
2822
2822
2822
2822
2822
2832
2832
2832
2832
2832
2807
2807
2807
2807
2807
2807
2785
2785
2785
2785
2785
2815
2815
2815
2815
2815
2832
2832
2832
2832
2832
2832
2774
2774
2774
2774
2774
2766
2766
2766
2766
2766
2759
2759
2759
2759
2759
2759
2742
2742
2742
2742
2742
2727
2727
2727
2727
2727
2741
2741
2741
2741
2741
2741
2746
2746
2746
2746
2746
2764
2764
2764
2764
2764
2759
2759
2759
2759
2759
2759
2790
2790
2790
2790
2790
2781
2781
2781
2781
2781
2776
2776
2776
2776
2776
2776
2816
2816
2816
2816
2816
2786
2786
2786
2786
2786
2813
2813
2813
2813
2813
2813
2828
2828
2828
2828
2828
2820
2820
2820
2820
2820
2832
2832
2832
2832
2832
2832
2829
2829
2829
2829
2829
2842
2842
2842
2842
2842
2841
2841
2841
2841
2841
2841
2854
2854
2854
2854
2854
2854
2854
2854
2854
2854
2858
2858
2858
2858
2858
2858
2870
2870
2870
2870
2870
2862
2862
2862
2862
2862
2876
2876
2876
2876
2876
2876
2863
2863
2863
2863
2863
2856
2856
2856
2856
2856
2827
2827
2827
2827
2827
2827
2838
2838
2838
2838
2838
2818
2818
2818
2818
2818
2800
2800
2800
2800
2800
2800
2795
2795
2795
2795
2795
2796
2796
2796
2796
2796
2790
2790
2790
2790
2790
2790
2810
2810
2810
2810
2810
2822
2822
2822
2822
2822
2821
2821
2821
2821
2821
2821
2834
2834
2834
2834
2834
2835
2835
2835
2835
2835
2821
2821
2821
2821
2821
2821
2819
2819
2819
2819
2819
2814
2814
2814
2814
2814
2803
2803
2803
2803
2803
2803
2769
2769
2769
2769
2769
2779
2779
2779
2779
2779
2758
2758
2758
2758
2758
2758
2762
2762
2762
2762
2762
2746
2746
2746
2746
2746
2731
2731
2731
2731
2731
2731
2737
2737
2737
2737
2737
2756
2756
2756
2756
2756
2736
2736
2736
2736
2736
2736
2749
2749
2749
2749
2749
2771
2771
2771
2771
2771
2759
2759
2759
2759
2759
2759
2790
2790
2790
2790
2790
2788
2788
2788
2788
2788
2825
2825
2825
2825
2825
2825
2818
2818
2818
2818
2818
2803
2803
2803
2803
2803
2810
2810
2810
2810
2810
2810
2817
2817
2817
2817
2817
2789
2789
2789
2789
2789
2809
2809
2809
2809
2809
2809
2849
2849
2849
2849
2849
2850
2850
2850
2850
2850
2860
2860
2860
2860
2860
2860
2873
2873
2873
2873
2873
2872
2872
2872
2872
2872
2875
2875
2875
2875
2875
2875
2878
2878
2878
2878
2878
2859
2859
2859
2859
2859
2857
2857
2857
2857
2857
2857
2845
2845
2845
2845
2845
2835
2835
2835
2835
2835
2833
2833
2833
2833
2833
2833
2836
2836
2836
2836
2836
2833
2833
2833
2833
2833
2830
2830
2830
2830
2830
2830
2825
2825
2825
2825
2825
2827
2827
2827
2827
2827
2811
2811
2811
2811
2811
2811
2819
2819
2819
2819
2819
2804
2804
2804
2804
2804
2791
2791
2791
2791
2791
2791
2790
2790
2790
2790
2790
2774
2774
2774
2774
2774
2780
2780
2780
2780
2780
2780
2788
2788
2788
2788
2788
2776
2776
2776
2776
2776
2777
2777
2777
2777
2777
2777
2744
2744
2744
2744
2744
2759
2759
2759
2759
2759
2747
2747
2747
2747
2747
2747
2765
2765
2765
2765
2765
2723
2723
2723
2723
2723
2755
2755
2755
2755
2755
2755
2792
2792
2792
2792
2792
2804
2804
2804
2804
2804
2798
2798
2798
2798
2798
2798
2766
2766
2766
2766
2766
2801
2801
2801
2801
2801
2796
2796
2796
2796
2796
2796
2794
2794
2794
2794
2794
2800
2800
2800
2800
2800
2810
2810
2810
2810
2810
2810
2809
2809
2809
2809
2809
2825
2825
2825
2825
2825
2828
2828
2828
2828
2828
2828
2827
2827
2827
2827
2827
2868
2868
2868
2868
2868
2822
2822
2822
2822
2822
2822
2830
2830
2830
2830
2830
2878
2878
2878
2878
2878
2819
2819
2819
2819
2819
2819
2827
2827
2827
2827
2827
2859
2859
2859
2859
2859
2825
2825
2825
2825
2825
2825
2834
2834
2834
2834
2834
2870
2870
2870
2870
2870
2872
2872
2872
2872
2872
2872
2866
2866
2866
2866
2866
2829
2829
2829
2829
2829
2815
2815
2815
2815
2815
2815
2840
2840
2840
2840
2840
2835
2835
2835
2835
2835
2812
2812
2812
2812
2812
2812
2812
2812
2812
2812
2812
2774
2774
2774
2774
2774
2743
2743
2743
2743
2743
2743
2732
2732
2732
2732
2732
2763
2763
2763
2763
2763
2741
2741
2741
2741
2741
2741
2719
2719
2719
2719
2719
2764
2764
2764
2764
2764
2783
2783
2783
2783
2783
2783
2784
2784
2784
2784
2784
2782
2782
2782
2782
2782
2819
2819
2819
2819
2819
2819
2768
2768
2768
2768
2768
2788
2788
2788
2788
2788
2857
2857
2857
2857
2857
2857
2751
2751
2751
2751
2751
2800
2800
2800
2800
2800
2770
2770
2770
2770
2770
2770
2777
2777
2777
2777
2777
2774
2774
2774
2774
2774
2800
2800
2800
2800
2800
2800
2813
2813
2813
2813
2813
2826
2826
2826
2826
2826
2826
2826
2826
2826
2826
2826
2873
2873
2873
2873
2873
2821
2821
2821
2821
2821
2882
2882
2882
2882
2882
2882
2869
2869
2869
2869
2869
2843
2843
2843
2843
2843
2854
2854
2854
2854
2854
2854
2800
2800
2800
2800
2800
2851
2851
2851
2851
2851
2832
2832
2832
2832
2832
2832
2840
2840
2840
2840
2840
2808
2808
2808
2808
2808
2872
2872
2872
2872
2872
2872
2820
2820
2820
2820
2820
2855
2855
2855
2855
2855
2865
2865
2865
2865
2865
2865
2856
2856
2856
2856
2856
2871
2871
2871
2871
2871
2866
2866
2866
2866
2866
2866
2880
2880
2880
2880
2880
2809
2809
2809
2809
2809
2838
2838
2838
2838
2838
2838
2802
2802
2802
2802
2802
2776
2776
2776
2776
2776
2778
2778
2778
2778
2778
2778
2796
2796
2796
2796
2796
2740
2740
2740
2740
2740
2801
2801
2801
2801
2801
2801
2790
2790
2790
2790
2790
2783
2783
2783
2783
2783
2840
2840
2840
2840
2840
2840
2807
2807
2807
2807
2807
2806
2806
2806
2806
2806
2796
2796
2796
2796
2796
2796
2760
2760
2760
2760
2760
2782
2782
2782
2782
2782
2756
2756
2756
2756
2756
2756
2790
2790
2790
2790
2790
2767
2767
2767
2767
2767
2802
2802
2802
2802
2802
2802
2768
2768
2768
2768
2768
2804
2804
2804
2804
2804
2819
2819
2819
2819
2819
2819
2830
2830
2830
2830
2830
2856
2856
2856
2856
2856
2839
2839
2839
2839
2839
2839
2820
2820
2820
2820
2820
2804
2804
2804
2804
2804
2843
2843
2843
2843
2843
2843
2847
2847
2847
2847
2847
2826
2826
2826
2826
2826
2797
2797
2797
2797
2797
2797
2831
2831
2831
2831
2831
2876
2876
2876
2876
2876
2814
2814
2814
2814
2814
2814
2805
2805
2805
2805
2805
2804
2804
2804
2804
2804
2819
2819
2819
2819
2819
2819
2826
2826
2826
2826
2826
2838
2838
2838
2838
2838
2864
2864
2864
2864
2864
2864
2833
2833
2833
2833
2833
2796
2796
2796
2796
2796
2824
2824
2824
2824
2824
2824
2766
2766
2766
2766
2766
2782
2782
2782
2782
2782
2788
2788
2788
2788
2788
2788
2758
2758
2758
2758
2758
2761
2761
2761
2761
2761
2824
2824
2824
2824
2824
2824
2804
2804
2804
2804
2804
2796
2796
2796
2796
2796
2800
2800
2800
2800
2800
2800
2811
2811
2811
2811
2811
2795
2795
2795
2795
2795
2805
2805
2805
2805
2805
2805
2783
2783
2783
2783
2783
2763
2763
2763
2763
2763
2791
2791
2791
2791
2791
2791
2794
2794
2794
2794
2794
2749
2749
2749
2749
2749
2781
2781
2781
2781
2781
2781
2816
2816
2816
2816
2816
2817
2817
2817
2817
2817
2746
2746
2746
2746
2746
2746
2861
2861
2861
2861
2861
2862
2862
2862
2862
2862
2845
2845
2845
2845
2845
2845
2863
2863
2863
2863
2863
2883
2883
2883
2883
2883
2843
2843
2843
2843
2843
2843
2836
2836
2836
2836
2836
2826
2826
2826
2826
2826
2832
2832
2832
2832
2832
2832
2789
2789
2789
2789
2789
2834
2834
2834
2834
2834
2766
2766
2766
2766
2766
2766
2809
2809
2809
2809
2809
2809
2809
2809
2809
2809
2812
2812
2812
2812
2812
2812
2774
2774
2774
2774
2774
2794
2794
2794
2794
2794
2816
2816
2816
2816
2816
2816
2813
2813
2813
2813
2813
2780
2780
2780
2780
2780
2800
2800
2800
2800
2800
2800
2757
2757
2757
2757
2757
2798
2798
2798
2798
2798
2761
2761
2761
2761
2761
2761
2763
2763
2763
2763
2763
2781
2781
2781
2781
2781
2821
2821
2821
2821
2821
2821
2769
2769
2769
2769
2769
2827
2827
2827
2827
2827
2840
2840
2840
2840
2840
2840
2819
2819
2819
2819
2819
2771
2771
2771
2771
2771
2833
2833
2833
2833
2833
2833
2854
2854
2854
2854
2854
2798
2798
2798
2798
2798
2791
2791
2791
2791
2791
2791
2779
2779
2779
2779
2779
2794
2794
2794
2794
2794
2802
2802
2802
2802
2802
2802
2792
2792
2792
2792
2792
2788
2788
2788
2788
2788
2799
2799
2799
2799
2799
2799
2820
2820
2820
2820
2820
2841
2841
2841
2841
2841
2831
2831
2831
2831
2831
2831
2844
2844
2844
2844
2844
2896
2896
2896
2896
2896
2852
2852
2852
2852
2852
2852
2827
2827
2827
2827
2827
2843
2843
2843
2843
2843
2771
2771
2771
2771
2771
2771
2770
2770
2770
2770
2770
2825
2825
2825
2825
2825
2815
2815
2815
2815
2815
2815
2826
2826
2826
2826
2826
2819
2819
2819
2819
2819
2838
2838
2838
2838
2838
2838
2843
2843
2843
2843
2843
2830
2830
2830
2830
2830
2830
2830
2830
2830
2830
2830
2837
2837
2837
2837
2837
2806
2806
2806
2806
2806
2811
2811
2811
2811
2811
2811
2788
2788
2788
2788
2788
2726
2726
2726
2726
2726
2783
2783
2783
2783
2783
2783
2741
2741
2741
2741
2741
2790
2790
2790
2790
2790
2756
2756
2756
2756
2756
2756
2767
2767
2767
2767
2767
2772
2772
2772
2772
2772
2791
2791
2791
2791
2791
2791
2806
2806
2806
2806
2806
2830
2830
2830
2830
2830
2819
2819
2819
2819
2819
2819
2786
2786
2786
2786
2786
2781
2781
2781
2781
2781
2805
2805
2805
2805
2805
2805
2765
2765
2765
2765
2765
2819
2819
2819
2819
2819
2761
2761
2761
2761
2761
2761
2799
2799
2799
2799
2799
2807
2807
2807
2807
2807
2815
2815
2815
2815
2815
2815
2800
2800
2800
2800
2800
2848
2848
2848
2848
2848
2907
2907
2907
2907
2907
2907
2866
2866
2866
2866
2866
2836
2836
2836
2836
2836
2829
2829
2829
2829
2829
2829
2809
2809
2809
2809
2809
2828
2828
2828
2828
2828
2799
2799
2799
2799
2799
2799
2833
2833
2833
2833
2833
2805
2805
2805
2805
2805
2781
2781
2781
2781
2781
2781
2845
2845
2845
2845
2845
2802
2802
2802
2802
2802
2847
2847
2847
2847
2847
2847
2817
2817
2817
2817
2817
2832
2832
2832
2832
2832
2826
2826
2826
2826
2826
2826
2814
2814
2814
2814
2814
2803
2803
2803
2803
2803
2824
2824
2824
2824
2824
2824
2776
2776
2776
2776
2776
2809
2809
2809
2809
2809
2796
2796
2796
2796
2796
2796
2798
2798
2798
2798
2798
2784
2784
2784
2784
2784
2783
2783
2783
2783
2783
2783
2763
2763
2763
2763
2763
2777
2777
2777
2777
2777
2755
2755
2755
2755
2755
2755
2746
2746
2746
2746
2746
2780
2780
2780
2780
2780
2761
2761
2761
2761
2761
2761
2771
2771
2771
2771
2771
2769
2769
2769
2769
2769
2806
2806
2806
2806
2806
2806
2835
2835
2835
2835
2835
2753
2753
2753
2753
2753
2802
2802
2802
2802
2802
2802
2810
2810
2810
2810
2810
2843
2843
2843
2843
2843
2846
2846
2846
2846
2846
2846
2813
2813
2813
2813
2813
2834
2834
2834
2834
2834
2866
2866
2866
2866
2866
2866
2838
2838
2838
2838
2838
2832
2832
2832
2832
2832
2847
2847
2847
2847
2847
2847
2828
2828
2828
2828
2828
2823
2823
2823
2823
2823
2827
2827
2827
2827
2827
2827
2799
2799
2799
2799
2799
2813
2813
2813
2813
2813
2795
2795
2795
2795
2795
2795
2838
2838
2838
2838
2838
2819
2819
2819
2819
2819
2878
2878
2878
2878
2878
2878
2861
2861
2861
2861
2861
2880
2880
2880
2880
2880
2855
2855
2855
2855
2855
2855
2871
2871
2871
2871
2871
2812
2812
2812
2812
2812
2815
2815
2815
2815
2815
2815
2829
2829
2829
2829
2829
2788
2788
2788
2788
2788
2723
2723
2723
2723
2723
2723
2756
2756
2756
2756
2756
2744
2744
2744
2744
2744
2741
2741
2741
2741
2741
2741
2708
2708
2708
2708
2708
2739
2739
2739
2739
2739
2777
2777
2777
2777
2777
2777
2721
2721
2721
2721
2721
2797
2797
2797
2797
2797
2765
2765
2765
2765
2765
2765
2780
2780
2780
2780
2780
2814
2814
2814
2814
2814
2817
2817
2817
2817
2817
2817
2799
2799
2799
2799
2799
2824
2824
2824
2824
2824
2800
2800
2800
2800
2800
2800
2787
2787
2787
2787
2787
2825
2825
2825
2825
2825
2800
2800
2800
2800
2800
2800
2805
2805
2805
2805
2805
2813
2813
2813
2813
2813
2813
2813
2813
2813
2813
2813
2859
2859
2859
2859
2859
2844
2844
2844
2844
2844
2814
2814
2814
2814
2814
2814
2885
2885
2885
2885
2885
2852
2852
2852
2852
2852
2834
2834
2834
2834
2834
2834
2825
2825
2825
2825
2825
2841
2841
2841
2841
2841
2810
2810
2810
2810
2810
2810
2842
2842
2842
2842
2842
2829
2829
2829
2829
2829
2856
2856
2856
2856
2856
2856
2815
2815
2815
2815
2815
2796
2796
2796
2796
2796
2827
2827
2827
2827
2827
2827
2826
2826
2826
2826
2826
2800
2800
2800
2800
2800
2787
2787
2787
2787
2787
2787
2794
2794
2794
2794
2794
2790
2790
2790
2790
2790
2766
2766
2766
2766
2766
2766
2777
2777
2777
2777
2777
2798
2798
2798
2798
2798
2768
2768
2768
2768
2768
2768
2788
2788
2788
2788
2788
2806
2806
2806
2806
2806
2737
2737
2737
2737
2737
2737
2792
2792
2792
2792
2792
2793
2793
2793
2793
2793
2795
2795
2795
2795
2795
2795
2777
2777
2777
2777
2777
2771
2771
2771
2771
2771
2763
2763
2763
2763
2763
2763
2787
2787
2787
2787
2787
2821
2821
2821
2821
2821
2804
2804
2804
2804
2804
2804
2784
2784
2784
2784
2784
2818
2818
2818
2818
2818
2808
2808
2808
2808
2808
2808
2804
2804
2804
2804
2804
2807
2807
2807
2807
2807
2815
2815
2815
2815
2815
2815
2829
2829
2829
2829
2829
2840
2840
2840
2840
2840
2840
2840
2840
2840
2840
2840
2816
2816
2816
2816
2816
2826
2826
2826
2826
2826
2873
2873
2873
2873
2873
2873
2836
2836
2836
2836
2836
2841
2841
2841
2841
2841
2848
2848
2848
2848
2848
2848
2872
2872
2872
2872
2872
2865
2865
2865
2865
2865
2831
2831
2831
2831
2831
2831
2824
2824
2824
2824
2824
2794
2794
2794
2794
2794
2801
2801
2801
2801
2801
2801
2795
2795
2795
2795
2795
2758
2758
2758
2758
2758
2806
2806
2806
2806
2806
2806
2810
2810
2810
2810
2810
2757
2757
2757
2757
2757
2781
2781
2781
2781
2781
2781
2797
2797
2797
2797
2797
2768
2768
2768
2768
2768
2769
2769
2769
2769
2769
2769
2786
2786
2786
2786
2786
2788
2788
2788
2788
2788
2792
2792
2792
2792
2792
2792
2810
2810
2810
2810
2810
2785
2785
2785
2785
2785
2787
2787
2787
2787
2787
2787
2794
2794
2794
2794
2794
2780
2780
2780
2780
2780
2823
2823
2823
2823
2823
2823
2809
2809
2809
2809
2809
2790
2790
2790
2790
2790
2830
2830
2830
2830
2830
2830
2808
2808
2808
2808
2808
2786
2786
2786
2786
2786
2789
2789
2789
2789
2789
2789
2826
2826
2826
2826
2826
2791
2791
2791
2791
2791
2818
2818
2818
2818
2818
2818
2826
2826
2826
2826
2826
2837
2837
2837
2837
2837
2831
2831
2831
2831
2831
2831
2853
2853
2853
2853
2853
2799
2799
2799
2799
2799
2829
2829
2829
2829
2829
2829
2796
2796
2796
2796
2796
2803
2803
2803
2803
2803
2797
2797
2797
2797
2797
2797
2807
2807
2807
2807
2807
2838
2838
2838
2838
2838
2791
2791
2791
2791
2791
2791
2824
2824
2824
2824
2824
2831
2831
2831
2831
2831
2828
2828
2828
2828
2828
2828
2811
2811
2811
2811
2811
2833
2833
2833
2833
2833
2848
2848
2848
2848
2848
2848
2791
2791
2791
2791
2791
2773
2773
2773
2773
2773
2779
2779
2779
2779
2779
2779
2776
2776
2776
2776
2776
2776
2776
2776
2776
2776
2763
2763
2763
2763
2763
2763
2751
2751
2751
2751
2751
2782
2782
2782
2782
2782
2738
2738
2738
2738
2738
2738
2812
2812
2812
2812
2812
2811
2811
2811
2811
2811
2811
2811
2811
2811
2811
2811
2821
2821
2821
2821
2821
2806
2806
2806
2806
2806
2777
2777
2777
2777
2777
2777
2787
2787
2787
2787
2787
2824
2824
2824
2824
2824
2765
2765
2765
2765
2765
2765
2785
2785
2785
2785
2785
2798
2798
2798
2798
2798
2788
2788
2788
2788
2788
2788
2759
2759
2759
2759
2759
2793
2793
2793
2793
2793
2763
2763
2763
2763
2763
2763
2833
2833
2833
2833
2833
2811
2811
2811
2811
2811
2845
2845
2845
2845
2845
2845
2857
2857
2857
2857
2857
2852
2852
2852
2852
2852
2868
2868
2868
2868
2868
2868
2813
2813
2813
2813
2813
2816
2816
2816
2816
2816
2802
2802
2802
2802
2802
2802
2778
2778
2778
2778
2778
2809
2809
2809
2809
2809
2814
2814
2814
2814
2814
2814
2795
2795
2795
2795
2795
2806
2806
2806
2806
2806
2794
2794
2794
2794
2794
2794
2764
2764
2764
2764
2764
2768
2768
2768
2768
2768
2810
2810
2810
2810
2810
2810