2814
2814
2814
2803
2803
2803
2803
2803
2780
2780
2780
2780
2780
2795
2795
2795
2795
2795
2795
2812
2812
2812
2812
2812
2810
2810
2810
2810
2810
2796
2796
2796
2796
2796
2796
2794
2794
2794
2794
2794
2793
2793
2793
2793
2793
2782
2782
2782
2782
2782
2782
2786
2786
2786
2786
2786
2785
2785
2785
2785
2785
2829
2829
2829
2829
2829
2829
2816
2816
2816
2816
2816
2792
2792
2792
2792
2792
2803
2803
2803
2803
2803
2803
2786
2786
2786
2786
2786
2767
2767
2767
2767
2767
2770
2770
2770
2770
2770
2770
2782
2782
2782
2782
2782
2781
2781
2781
2781
2781
2795
2795
2795
2795
2795
2795
2791
2791
2791
2791
2791
2802
2802
2802
2802
2802
2796
2796
2796
2796
2796
2796
2770
2770
2770
2770
2770
2802
2802
2802
2802
2802
2777
2777
2777
2777
2777
2777
2785
2785
2785
2785
2785
2782
2782
2782
2782
2782
2803
2803
2803
2803
2803
2803
2783
2783
2783
2783
2783
2766
2766
2766
2766
2766
2778
2778
2778
2778
2778
2778
2784
2784
2784
2784
2784
2763
2763
2763
2763
2763
2793
2793
2793
2793
2793
2793
2788
2788
2788
2788
2788
2787
2787
2787
2787
2787
2792
2792
2792
2792
2792
2792
2798
2798
2798
2798
2798
2786
2786
2786
2786
2786
2787
2787
2787
2787
2787
2787
2776
2776
2776
2776
2776
2784
2784
2784
2784
2784
2799
2799
2799
2799
2799
2799
2796
2796
2796
2796
2796
2814
2814
2814
2814
2814
2798
2798
2798
2798
2798
2798
2820
2820
2820
2820
2820
2768
2768
2768
2768
2768
2780
2780
2780
2780
2780
2780
2788
2788
2788
2788
2788
2783
2783
2783
2783
2783
2785
2785
2785
2785
2785
2785
2773
2773
2773
2773
2773
2791
2791
2791
2791
2791
2810
2810
2810
2810
2810
2810
2777
2777
2777
2777
2777
2767
2767
2767
2767
2767
2776
2776
2776
2776
2776
2776
2785
2785
2785
2785
2785
2779
2779
2779
2779
2779
2776
2776
2776
2776
2776
2776
2773
2773
2773
2773
2773
2778
2778
2778
2778
2778
2786
2786
2786
2786
2786
2786
2801
2801
2801
2801
2801
2806
2806
2806
2806
2806
2789
2789
2789
2789
2789
2789
2793
2793
2793
2793
2793
2812
2812
2812
2812
2812
2810
2810
2810
2810
2810
2810
2785
2785
2785
2785
2785
2811
2811
2811
2811
2811
2799
2799
2799
2799
2799
2799
2796
2796
2796
2796
2796
2761
2761
2761
2761
2761
2804
2804
2804
2804
2804
2804
2783
2783
2783
2783
2783
2820
2820
2820
2820
2820
2797
2797
2797
2797
2797
2797
2773
2773
2773
2773
2773
2769
2769
2769
2769
2769
2806
2806
2806
2806
2806
2806
2786
2786
2786
2786
2786
2782
2782
2782
2782
2782
2815
2815
2815
2815
2815
2815
2778
2778
2778
2778
2778
2746
2746
2746
2746
2746
2769
2769
2769
2769
2769
2769
2787
2787
2787
2787
2787
2770
2770
2770
2770
2770
2790
2790
2790
2790
2790
2790
2795
2795
2795
2795
2795
2816
2816
2816
2816
2816
2804
2804
2804
2804
2804
2804
2802
2802
2802
2802
2802
2808
2808
2808
2808
2808
2786
2786
2786
2786
2786
2786
2765
2765
2765
2765
2765
2777
2777
2777
2777
2777
2794
2794
2794
2794
2794
2794
2766
2766
2766
2766
2766
2812
2812
2812
2812
2812
2777
2777
2777
2777
2777
2777
2750
2750
2750
2750
2750
2787
2787
2787
2787
2787
2780
2780
2780
2780
2780
2780
2815
2815
2815
2815
2815
2776
2776
2776
2776
2776
2789
2789
2789
2789
2789
2789
2787
2787
2787
2787
2787
2743
2743
2743
2743
2743
2774
2774
2774
2774
2774
2774
2802
2802
2802
2802
2802
2755
2755
2755
2755
2755
2790
2790
2790
2790
2790
2790
2773
2773
2773
2773
2773
2767
2767
2767
2767
2767
2827
2827
2827
2827
2827
2827
2847
2847
2847
2847
2847
2821
2821
2821
2821
2821
2820
2820
2820
2820
2820
2820
2849
2849
2849
2849
2849
2870
2870
2870
2870
2870
2808
2808
2808
2808
2808
2808
2870
2870
2870
2870
2870
2816
2816
2816
2816
2816
2831
2831
2831
2831
2831
2831
2826
2826
2826
2826
2826
2789
2789
2789
2789
2789
2824
2824
2824
2824
2824
2824
2733
2733
2733
2733
2733
2784
2784
2784
2784
2784
2713
2713
2713
2713
2713
2713
2757
2757
2757
2757
2757
2768
2768
2768
2768
2768
2728
2728
2728
2728
2728
2728
2794
2794
2794
2794
2794
2732
2732
2732
2732
2732
2756
2756
2756
2756
2756
2756
2749
2749
2749
2749
2749
2745
2745
2745
2745
2745
2762
2762
2762
2762
2762
2762
2764
2764
2764
2764
2764
2785
2785
2785
2785
2785
2809
2809
2809
2809
2809
2809
2794
2794
2794
2794
2794
2880
2880
2880
2880
2880
2826
2826
2826
2826
2826
2826
2819
2819
2819
2819
2819
2834
2834
2834
2834
2834
2837
2837
2837
2837
2837
2837
2835
2835
2835
2835
2835
2838
2838
2838
2838
2838
2843
2843
2843
2843
2843
2843
2831
2831
2831
2831
2831
2820
2820
2820
2820
2820
2828
2828
2828
2828
2828
2828
2832
2832
2832
2832
2832
2860
2860
2860
2860
2860
2820
2820
2820
2820
2820
2820
2846
2846
2846
2846
2846
2842
2842
2842
2842
2842
2833
2833
2833
2833
2833
2833
2809
2809
2809
2809
2809
2813
2813
2813
2813
2813
2817
2817
2817
2817
2817
2817
2777
2777
2777
2777
2777
2744
2744
2744
2744
2744
2760
2760
2760
2760
2760
2760
2744
2744
2744
2744
2744
2775
2775
2775
2775
2775
2783
2783
2783
2783
2783
2783
2805
2805
2805
2805
2805
2773
2773
2773
2773
2773
2774
2774
2774
2774
2774
2774
2754
2754
2754
2754
2754
2764
2764
2764
2764
2764
2774
2774
2774
2774
2774
2774
2794
2794
2794
2794
2794
2806
2806
2806
2806
2806
2806
2806
2806
2806
2806
2806
2826
2826
2826
2826
2826
2823
2823
2823
2823
2823
2895
2895
2895
2895
2895
2895
2881
2881
2881
2881
2881
2849
2849
2849
2849
2849
2861
2861
2861
2861
2861
2861
2897
2897
2897
2897
2897
2863
2863
2863
2863
2863
2861
2861
2861
2861
2861
2861
2820
2820
2820
2820
2820
2828
2828
2828
2828
2828
2826
2826
2826
2826
2826
2826
2829
2829
2829
2829
2829
2774
2774
2774
2774
2774
2794
2794
2794
2794
2794
2794
2800
2800
2800
2800
2800
2755
2755
2755
2755
2755
2757
2757
2757
2757
2757
2757
2806
2806
2806
2806
2806
2721
2721
2721
2721
2721
2794
2794
2794
2794
2794
2794
2744
2744
2744
2744
2744
2751
2751
2751
2751
2751
2738
2738
2738
2738
2738
2738
2757
2757
2757
2757
2757
2767
2767
2767
2767
2767
2790
2790
2790
2790
2790
2790
2767
2767
2767
2767
2767
2759
2759
2759
2759
2759
2772
2772
2772
2772
2772
2772
2746
2746
2746
2746
2746
2798
2798
2798
2798
2798
2765
2765
2765
2765
2765
2765
2762
2762
2762
2762
2762
2769
2769
2769
2769
2769
2746
2746
2746
2746
2746
2746
2768
2768
2768
2768
2768
2736
2736
2736
2736
2736
2748
2748
2748
2748
2748
2748
2740
2740
2740
2740
2740
2743
2743
2743
2743
2743
2794
2794
2794
2794
2794
2794
2802
2802
2802
2802
2802
2789
2789
2789
2789
2789
2731
2731
2731
2731
2731
2731
2679
2679
2679
2679
2679
2544
2544
2544
2544
2544
2446
2446
2446
2446
2446
2446
2306
2306
2306
2306
2306
2261
2261
2261
2261
2261
2285
2285
2285
2285
2285
2285
2319
2319
2319
2319
2319
2547
2547
2547
2547
2547
2917
2917
2917
2917
2917
2917
3265
3265
3265
3265
3265
3663
3663
3663
3663
3663
4052
4052
4052
4052
4052
4052
4095
4095
4095
4095
4095
4095
4095
4095
4095
4095
4095
4095
4095
4095
4095
4095
4095
4095
4095
4095
4095
3940
3940
3940
3940
3940
3608
3608
3608
3608
3608
3608
3253
3253
3253
3253
3253
2914
2914
2914
2914
2914
2617
2617
2617
2617
2617
2617
2341
2341
2341
2341
2341
2132
2132
2132
2132
2132
1960
1960
1960
1960
1960
1960
1866
1866
1866
1866
1866
1786
1786
1786
1786
1786
1745
1745
1745
1745
1745
1745
1795
1795
1795
1795
1795
1818
1818
1818
1818
1818
1867
1867
1867
1867
1867
1867
1910
1910
1910
1910
1910
1947
1947
1947
1947
1947
1963
1963
1963
1963
1963
1963
1950
1950
1950
1950
1950
1971
1971
1971
1971
1971
2119
2119
2119
2119
2119
2119
2226
2226
2226
2226
2226
2497
2497
2497
2497
2497
2752
2752
2752
2752
2752
2752
3088
3088
3088
3088
3088
3359
3359
3359
3359
3359
3602
3602
3602
3602
3602
3602
3808
3808
3808
3808
3808
3949
3949
3949
3949
3949
3915
3915
3915
3915
3915
3915
3837
3837
3837
3837
3837
3776
3776
3776
3776
3776
3617
3617
3617
3617
3617
3617
3518
3518
3518
3518
3518
3345
3345
3345
3345
3345
3204
3204
3204
3204
3204
3204
3086
3086
3086
3086
3086
3046
3046
3046
3046
3046
3008
3008
3008
3008
3008
3008
3024
3024
3024
3024
3024
3078
3078
3078
3078
3078
3082
3082
3082
3082
3082
3082
3221
3221
3221
3221
3221
3181
3181
3181
3181
3181
3279
3279
3279
3279
3279
3279
3201
3201
3201
3201
3201
3154
3154
3154
3154
3154
2972
2972
2972
2972
2972
2972
2828
2828
2828
2828
2828
2652
2652
2652
2652
2652
2484
2484
2484
2484
2484
2484
2368
2368
2368
2368
2368
2245
2245
2245
2245
2245
2150
2150
2150
2150
2150
2150
2091
2091
2091
2091
2091
2038
2038
2038
2038
2038
2043
2043
2043
2043
2043
2043
2020
2020
2020
2020
2020
2036
2036
2036
2036
2036
2099
2099
2099
2099
2099
2099
2178
2178
2178
2178
2178
2229
2229
2229
2229
2229
2267
2267
2267
2267
2267
2267
2391
2391
2391
2391
2391
2474
2474
2474
2474
2474
2562
2562
2562
2562
2562
2562
2659
2659
2659
2659
2659
2716
2716
2716
2716
2716
2862
2862
2862
2862
2862
2862
2849
2849
2849
2849
2849
2985
2985
2985
2985
2985
3069
3069
3069
3069
3069
3069
3131
3131
3131
3131
3131
3210
3210
3210
3210
3210
3243
3243
3243
3243
3243
3243
3264
3264
3264
3264
3264
3236
3236
3236
3236
3236
3174
3174
3174
3174
3174
3174
3108
3108
3108
3108
3108
3059
3059
3059
3059
3059
3017
3017
3017
3017
3017
3017
3013
3013
3013
3013
3013
3017
3017
3017
3017
3017
3066
3066
3066
3066
3066
3066
3092
3092
3092
3092
3092
3183
3183
3183
3183
3183
3294
3294
3294
3294
3294
3294
3325
3325
3325
3325
3325
3388
3388
3388
3388
3388
3353
3353
3353
3353
3353
3353
3301
3301
3301
3301
3301
3227
3227
3227
3227
3227
3087
3087
3087
3087
3087
3087
2971
2971
2971
2971
2971
2876
2876
2876
2876
2876
2800
2800
2800
2800
2800
2800
2740
2740
2740
2740
2740
2642
2642
2642
2642
2642
2568
2568
2568
2568
2568
2568
2577
2577
2577
2577
2577
2528
2528
2528
2528
2528
2499
2499
2499
2499
2499
2499
2445
2445
2445
2445
2445
2480
2480
2480
2480
2480
2473
2473
2473
2473
2473
2473
2391
2391
2391
2391
2391
2395
2395
2395
2395
2395
2408
2408
2408
2408
2408
2408
2420
2420
2420
2420
2420
2459
2459
2459
2459
2459
2467
2467
2467
2467
2467
2467
2529
2529
2529
2529
2529
2588
2588
2588
2588
2588
2661
2661
2661
2661
2661
2661
2719
2719
2719
2719
2719
2754
2754
2754
2754
2754
2801
2801
2801
2801
2801
2801
2813
2813
2813
2813
2813
2830
2830
2830
2830
2830
2821
2821
2821
2821
2821
2821
2832
2832
2832
2832
2832
2784
2784
2784
2784
2784
2798
2798
2798
2798
2798
2798
2788
2788
2788
2788
2788
2823
2823
2823
2823
2823
2917
2917
2917
2917
2917
2917
2953
2953
2953
2953
2953
2974
2974
2974
2974
2974
3031
3031
3031
3031
3031
3031
3057
3057
3057
3057
3057
3037
3037
3037
3037
3037
3086
3086
3086
3086
3086
3086
3078
3078
3078
3078
3078
3066
3066
3066
3066
3066
3049
3049
3049
3049
3049
3049
3043
3043
3043
3043
3043
3041
3041
3041
3041
3041
3039
3039
3039
3039
3039
3039
2997
2997
2997
2997
2997
2930
2930
2930
2930
2930
2932
2932
2932
2932
2932
2932
2883
2883
2883
2883
2883
2904
2904
2904
2904
2904
2869
2869
2869
2869
2869
2869
2877
2877
2877
2877
2877
2872
2872
2872
2872
2872
2830
2830
2830
2830
2830
2830
2800
2800
2800
2800
2800
2785
2785
2785
2785
2785
2720
2720
2720
2720
2720
2720
2698
2698
2698
2698
2698
2665
2665
2665
2665
2665
2585
2585
2585
2585
2585
2585
2642
2642
2642
2642
2642
2603
2603
2603
2603
2603
2591
2591
2591
2591
2591
2591
2654
2654
2654
2654
2654
2667
2667
2667
2667
2667
2654
2654
2654
2654
2654
2654
2661
2661
2661
2661
2661
2666
2666
2666
2666
2666
2680
2680
2680
2680
2680
2680
2705
2705
2705
2705
2705
2707
2707
2707
2707
2707
2716
2716
2716
2716
2716
2716
2704
2704
2704
2704
2704
2720
2720
2720
2720
2720
2696
2696
2696
2696
2696
2696
2738
2738
2738
2738
2738
2719
2719
2719
2719
2719
2792
2792
2792
2792
2792
2806
2806
2806
2806
2806
2848
2848
2848
2848
2848
2903
2903
2903
2903
2903
2903
2917
2917
2917
2917
2917
2922
2922
2922
2922
2922
2920
2920
2920
2920
2920
2920
2907
2907
2907
2907
2907
2904
2904
2904
2904
2904
2839
2839
2839
2839
2839
2839
2822
2822
2822
2822
2822
2821
2821
2821
2821
2821
2749
2749
2749
2749
2749
2749
2812
2812
2812
2812
2812
2848
2848
2848
2848
2848
2831
2831
2831
2831
2831
2831
2892
2892
2892
2892
2892
2919
2919
2919
2919
2919
2934
2934
2934
2934
2934
2934
2941
2941
2941
2941
2941
2953
2953
2953
2953
2953
2925
2925
2925
2925
2925
2925
2926
2926
2926
2926
2926
2873
2873
2873
2873
2873
2867
2867
2867
2867
2867
2867
2849
2849
2849
2849
2849
2793
2793
2793
2793
2793
2809
2809
2809
2809
2809
2809
2821
2821
2821
2821
2821
2826
2826
2826
2826
2826
2813
2813
2813
2813
2813
2813
2790
2790
2790
2790
2790
2836
2836
2836
2836
2836
2829
2829
2829
2829
2829
2829
2828
2828
2828
2828
2828
2812
2812
2812
2812
2812
2818
2818
2818
2818
2818
2818
2845
2845
2845
2845
2845
2804
2804
2804
2804
2804
2761
2761
2761
2761
2761
2761
2751
2751
2751
2751
2751
2714
2714
2714
2714
2714
2742
2742
2742
2742
2720
2720
2720
2720
2720
2725
2725
2725
2725
2725
2706
2706
2706
2706
2706
2706
2705
2705
2705
2705
2705
2716
2716
2716
2716
2716
2697
2697
2697
2697
2697
2697
2719
2719
2719
2719
2719
2680
2680
2680
2680
2680
2675
2675
2675
2675
2675
2675
2702
2702
2702
2702
2702
2722
2722
2722
2722
2722
2717
2717
2717
2717
2717
2717
2769
2769
2769
2769
2769
2782
2782
2782
2782
2782
2746
2746
2746
2746
2746
2746
2818
2818
2818
2818
2818
2824
2824
2824
2824
2824
2849
2849
2849
2849
2849
2849
2848
2848
2848
2848
2848
2870
2870
2870
2870
2870
2898
2898
2898
2898
2898
2898
2835
2835
2835
2835
2835
2874
2874
2874
2874
2874
2966
2966
2966
2966
2966
2966
2932
2932
2932
2932
2932
2910
2910
2910
2910
2910
2905
2905
2905
2905
2905
2905
2908
2908
2908
2908
2908
2912
2912
2912
2912
2912
2903
2903
2903
2903
2903
2903
2882
2882
2882
2882
2882
2854
2854
2854
2854
2854
2834
2834
2834
2834
2834
2834
2860
2860
2860
2860
2860
2850
2850
2850
2850
2850
2884
2884
2884
2884
2884
2884
2879
2879
2879
2879
2879
2879
2879
2879
2879
2879
2840
2840
2840
2840
2840
2840
2858
2858
2858
2858
2858
2830
2830
2830
2830
2830
2820
2820
2820
2820
2820
2820
2793
2793
2793
2793
2793
2787
2787
2787
2787
2787
2810
2810
2810
2810
2810
2810
2778
2778
2778
2778
2778
2805
2805
2805
2805
2805
2773
2773
2773
2773
2773
2773
2768
2768
2768
2768
2768
2777
2777
2777
2777
2777
2783
2783
2783
2783
2783
2783
2770
2770
2770
2770
2770
2811
2811
2811
2811
2811
2790
2790
2790
2790
2790
2790
2797
2797
2797
2797
2797
2765
2765
2765
2765
2765
2808
2808
2808
2808
2808
2808
2770
2770
2770
2770
2770
2785
2785
2785
2785
2785
2771
2771
2771
2771
2771
2771
2801
2801
2801
2801
2801
2786
2786
2786
2786
2786
2785
2785
2785
2785
2785
2785
2809
2809
2809
2809
2809
2815
2815
2815
2815
2815
2823
2823
2823
2823
2823
2823
2823
2823
2823
2823
2823
2802
2802
2802
2802
2802
2822
2822
2822
2822
2822
2822
2839
2839
2839
2839
2839
2823
2823
2823
2823
2823
2823
2823
2823
2823
2823
2823
2786
2786
2786
2786
2786
2805
2805
2805
2805
2805
2824
2824
2824
2824
2824
2824
2841
2841
2841
2841
2841
2826
2826
2826
2826
2826
2839
2839
2839
2839
2839
2839
2850
2850
2850
2850
2850
2819
2819
2819
2819
2819
2800
2800
2800
2800
2800
2800
2824
2824
2824
2824
2824
2814
2814
2814
2814
2814
2801
2801
2801
2801
2801
2801
2796
2796
2796
2796
2796
2852
2852
2852
2852
2852
2819
2819
2819
2819
2819
2819
2813
2813
2813
2813
2813
2841
2841
2841
2841
2841
2848
2848
2848
2848
2848
2848
2843
2843
2843
2843
2843
2833
2833
2833
2833
2833
2823
2823
2823
2823
2823
2823
2858
2858
2858
2858
2858
2807
2807
2807
2807
2807
2835
2835
2835
2835
2835
2835
2777
2777
2777
2777
2777
2794
2794
2794
2794
2794
2805
2805
2805
2805
2805
2805
2794
2794
2794
2794
2794
2807
2807
2807
2807
2807
2808
2808
2808
2808
2808
2808
2849
2849
2849
2849
2849
2824
2824
2824
2824
2824
2797
2797
2797
2797
2797
2797
2801
2801
2801
2801
2801
2804
2804
2804
2804
2804
2775
2775
2775
2775
2775
2775
2750
2750
2750
2750
2750
2727
2727
2727
2727
2727
2756
2756
2756
2756
2756
2756
2735
2735
2735
2735
2735
2775
2775
2775
2775
2775
2759
2759
2759
2759
2759
2759
2767
2767
2767
2767
2767
2788
2788
2788
2788
2788
2797
2797
2797
2797
2797
2797
2815
2815
2815
2815
2815
2815
2815
2815
2815
2815
2835
2835
2835
2835
2835
2835
2810
2810
2810
2810
2810
2795
2795
2795
2795
2795
2835
2835
2835
2835
2835
2835
2796
2796
2796
2796
2796
2819
2819
2819
2819
2819
2769
2769
2769
2769
2769
2769
2780
2780
2780
2780
2780
2805
2805
2805
2805
2805
2802
2802
2802
2802
2802
2802
2778
2778
2778
2778
2778
2838
2838
2838
2838
2838
2809
2809
2809
2809
2809
2809
2821
2821
2821
2821
2821
2840
2840
2840
2840
2840
2852
2852
2852
2852
2852
2852
2860
2860
2860
2860
2860
2841
2841
2841
2841
2841
2842
2842
2842
2842
2842
2842
2850
2850
2850
2850
2850
2832
2832
2832
2832
2832
2854
2854
2854
2854
2854
2854
2830
2830
2830
2830
2830
2765
2765
2765
2765
2765
2804
2804
2804
2804
2804
2804
2805
2805
2805
2805
2805
2791
2791
2791
2791
2791
2824
2824
2824
2824
2824
2824
2779
2779
2779
2779
2779
2817
2817
2817
2817
2817
2782
2782
2782
2782
2782
2782
2800
2800
2800
2800
2800
2792
2792
2792
2792
2792
2790
2790
2790
2790
2790
2790
2785
2785
2785
2785
2785
2768
2768
2768
2768
2768
2737
2737
2737
2737
2737
2737
2724
2724
2724
2724
2724
2751
2751
2751
2751
2751
2734
2734
2734
2734
2734
2734
2732
2732
2732
2732
2732
2786
2786
2786
2786
2786
2782
2782
2782
2782
2782
2782
2758
2758
2758
2758
2758
2835
2835
2835
2835
2835
2809
2809
2809
2809
2809
2809
2829
2829
2829
2829
2829
2821
2821
2821
2821
2821
2814
2814
2814
2814
2814
2814
2813
2813
2813
2813
2813
2797
2797
2797
2797
2797
2794
2794
2794
2794
2794
2794
2763
2763
2763
2763
2763
2765
2765
2765
2765
2765
2727
2727
2727
2727
2727
2727
2792
2792
2792
2792
2792
2772
2772
2772
2772
2772
2837
2837
2837
2837
2837
2837
2847
2847
2847
2847
2847
2891
2891
2891
2891
2891
2865
2865
2865
2865
2865
2865
2859
2859
2859
2859
2859
2846
2846
2846
2846
2846
2848
2848
2848
2848
2848
2848
2854
2854
2854
2854
2854
2804
2804
2804
2804
2804
2803
2803
2803
2803
2803
2803
2761
2761
2761
2761
2761
2717
2717
2717
2717
2717
2748
2748
2748
2748
2748
2748
2735
2735
2735
2735
2735
2802
2802
2802
2802
2802
2779
2779
2779
2779
2779
2779
2760
2760
2760
2760
2760
2822
2822
2822
2822
2822
2779
2779
2779
2779
2779
2779
2799
2799
2799
2799
2799
2825
2825
2825
2825
2825
2728
2728
2728
2728
2728
2728
2804
2804
2804
2804
2804
2779
2779
2779
2779
2779
2733
2733
2733
2733
2733
2733
2739
2739
2739
2739
2739
2751
2751
2751
2751
2751
2789
2789
2789
2789
2789
2789
2730
2730
2730
2730
2730
2787
2787
2787
2787
2787
2835
2835
2835
2835
2835
2835
2819
2819
2819
2819
2819
2846
2846
2846
2846
2846
2818
2818
2818
2818
2818
2818
2782
2782
2782
2782
2782
2829
2829
2829
2829
2829
2796
2796
2796
2796
2796
2796
2748
2748
2748
2748
2748
2786
2786
2786
2786
2786
2754
2754
2754
2754
2754
2754
2767
2767
2767
2767
2767
2804
2804
2804
2804
2804
2796
2796
2796
2796
2796
2796
2860
2860
2860
2860
2860
2848
2848
2848
2848
2848
2868
2868
2868
2868
2868
2868
2874
2874
2874
2874
2874
2862
2862
2862
2862
2862
2872
2872
2872
2872
2872
2872
2859
2859
2859
2859
2859
2827
2827
2827
2827
2827
2802
2802
2802
2802
2802
2802
2818
2818
2818
2818
2818
2815
2815
2815
2815
2815
2801
2801
2801
2801
2801
2801
2832
2832
2832
2832
2832
2808
2808
2808
2808
2808
2788
2788
2788
2788
2788
2788
2771
2771
2771
2771
2771
2793
2793
2793
2793
2793
2802
2802
2802
2802
2802
2802
2788
2788
2788
2788
2788
2796
2796
2796
2796
2796
2778
2778
2778
2778
2778
2778
2780
2780
2780
2780
2780
2800
2800
2800
2800
2800
2798
2798
2798
2798
2798
2798
2803
2803
2803
2803
2803
2781
2781
2781
2781
2781
2740
2740
2740
2740
2740
2740
2756
2756
2756
2756
2756
2749
2749
2749
2749
2749
2770
2770
2770
2770
2770
2770
2761
2761
2761
2761
2761
2747
2747
2747
2747
2747
2772
2772
2772
2772
2772
2772
2843
2843
2843
2843
2843
2795
2795
2795
2795
2795
2814
2814
2814
2814
2814
2814
2805
2805
2805
2805
2805
2802
2802
2802
2802
2802
2811
2811
2811
2811
2811
2811
2789
2789
2789
2789
2789
2791
2791
2791
2791
2791
2788
2788
2788
2788
2788
2788
2789
2789
2789
2789
2789
2802
2802
2802
2802
2802
2785
2785
2785
2785
2785
2785
2827
2827
2827
2827
2827
2800
2800
2800
2800
2800
2838
2838
2838
2838
2838
2838
2831
2831
2831
2831
2831
2812
2812
2812
2812
2812
2851
2851
2851
2851
2851
2851
2758
2758
2758
2758
2758
2798
2798
2798
2798
2798
2775
2775
2775
2775
2775
2775
2767
2767
2767
2767
2767
2793
2793
2793
2793
2793
2762
2762
2762
2762
2762
2762
2831
2831
2831
2831
2831
2791
2791
2791
2791
2791
2790
2790
2790
2790
2790
2790
2788
2788
2788
2788
2788
2834
2834
2834
2834
2834
2784
2784
2784
2784
2784
2784
2782
2782
2782
2782
2782
2821
2821
2821
2821
2821
2771
2771
2771
2771
2771
2771
2793
2793
2793
2793
2793
2760
2760
2760
2760
2760
2763
2763
2763
2763
2763
2763
2788
2788
2788
2788
2788
2802
2802
2802
2802
2802
2764
2764
2764
2764
2764
2764
2757
2757
2757
2757
2757
2764
2764
2764
2764
2764
2792
2792
2792
2792
2792
2792
2784
2784
2784
2784
2784
2813
2813
2813
2813
2813
2786
2786
2786
2786
2786
2786
2773
2773
2773
2773
2773
2817
2817
2817
2817
2817
2748
2748
2748
2748
2748
2748
2800
2800
2800
2800
2800
2749
2749
2749
2749
2749
2753
2753
2753
2753
2753
2753
2746
2746
2746
2746
2746
2743
2743
2743
2743
2743
2786
2786
2786
2786
2786
2786
2776
2776
2776
2776
2776
2782
2782
2782
2782
2782
2753
2753
2753
2753
2753
2753
2812
2812
2812
2812
2812
2803
2803
2803
2803
2803
2755
2755
2755
2755
2755
2755
2785
2785
2785
2785
2785
2813
2813
2813
2813
2813
2782
2782
2782
2782
2782
2782
2794
2794
2794
2794
2794
2791
2791
2791
2791
2791
2777
2777
2777
2777
2777
2777
2826
2826
2826
2826
2826
2800
2800
2800
2800
2800
2782
2782
2782
2782
2782
2782
2782
2782
2782
2782
2782
2759
2759
2759
2759
2759
2814
2814
2814
2814
2814
2814
2742
2742
2742
2742
2742
2807
2807
2807
2807
2807
2770
2770
2770
2770
2770
2770
2804
2804
2804
2804
2804
2755
2755
2755
2755
2755
2803
2803
2803
2803
2803
2803
2810
2810
2810
2810
2810
2799
2799
2799
2799
2799
2753
2753
2753
2753
2753
2753
2736
2736
2736
2736
2736
2749
2749
2749
2749
2749
2783
2783
2783
2783
2783
2783
2756
2756
2756
2756
2756
2766
2766
2766
2766
2766
2765
2765
2765
2765
2765
2765
2776
2776
2776
2776
2776
2767
2767
2767
2767
2767
2786
2786
2786
2786
2786
2786
2721
2721
2721
2721
2721
2781
2781
2781
2781
2781
2723
2723
2723
2723
2723
2723
2782
2782
2782
2782
2782
2806
2806
2806
2806
2806
2807
2807
2807
2807
2807
2807
2843
2843
2843
2843
2843
2821
2821
2821
2821
2821
2797
2797
2797
2797
2797
2797
2783
2783
2783
2783
2783
2847
2847
2847
2847
2847
2837
2837
2837
2837
2837
2837
2848
2848
2848
2848
2848
2823
2823
2823
2823
2823
2793
2793
2793
2793
2793
2793
2736
2736
2736
2736
2736
2757
2757
2757
2757
2757
2781
2781
2781
2781
2781
2781
2735
2735
2735
2735
2735
2748
2748
2748
2748
2748
2790
2790
2790
2790
2790
2790
2775
2775
2775
2775
2775
2792
2792
2792
2792
2792
2787
2787
2787
2787
2787
2787
2803
2803
2803
2803
2803
2813
2813
2813
2813
2813
2813
2813
2813
2813
2813
2813
2798
2798
2798
2798
2798
2749
2749
2749
2749
2749
2780
2780
2780
2780
2780
2780
2772
2772
2772
2772
2772
2799
2799
2799
2799
2799
2799
2799
2799
2799
2799
2799
2797
2797
2797
2797
2797
2791
2791
2791
2791
2791
2821
2821
2821
2821
2821
2821
2792
2792
2792
2792
2792
2801
2801
2801
2801
2801
2812
2812
2812
2812
2812
2812
2822
2822
2822
2822
2822
2817
2817
2817
2817
2817
2828
2828
2828
2828
2828
2828
2811
2811
2811
2811
2811
2801
2801
2801
2801
2801
2804
2804
2804
2804
2804
2804
2804
2804
2804
2804
2804
2831
2831
2831
2831
2831
2812
2812
2812
2812
2812
2812
2801
2801
2801
2801
2801
2814
2814
2814
2814
2814
2829
2829
2829
2829
2829
2829
2785
2785
2785
2785
2785
2829
2829
2829
2829
2829
2796
2796
2796
2796
2796
2796
2819
2819
2819
2819
2819
2800
2800
2800
2800
2800
2792
2792
2792
2792
2792
2792
2804
2804
2804
2804
2804
2817
2817
2817
2817
2817
2818
2818
2818
2818
2818
2818
2802
2802
2802
2802
2802
2816
2816
2816
2816
2816
2809
2809
2809
2809
2809
2809
2836
2836
2836
2836
2836
2820
2820
2820
2820
2820
2801
2801
2801
2801
2801
2801
2793
2793
2793
2793
2793
2805
2805
2805
2805
2805
2786
2786
2786
2786
2786
2786
2804
2804
2804
2804
2804
2751
2751
2751
2751
2751
2787
2787
2787
2787
2787
2787
2789
2789
2789
2789
2789
2792
2792
2792
2792
2792
2820
2820
2820
2820
2820
2820
2816
2816
2816
2816
2816
2831
2831
2831
2831
2831
2805
2805
2805
2805
2805
2805
2834
2834
2834
2834
2834
2842
2842
2842
2842
2842
2826
2826
2826
2826
2826
2826
2846
2846
2846
2846
2846
2822
2822
2822
2822
2822
2837
2837
2837
2837
2837
2837
2809
2809
2809
2809
2809
2816
2816
2816
2816
2816
2802
2802
2802
2802
2802
2802
2803
2803
2803
2803
2803
2801
2801
2801
2801
2801
2797
2797
2797
2797
2797
2797
2804
2804
2804
2804
2804
2832
2832
2832
2832
2832
2826
2826
2826
2826
2826
2826
2846
2846
2846
2846
2846
2805
2805
2805
2805
2805
2814
2814
2814
2814
2814
2814
2781
2781
2781
2781
2781
2792
2792
2792
2792
2792
2753
2753
2753
2753
2753
2753
2741
2741
2741
2741
2741
2753
2753
2753
2753
2753
2753
2753
2753
2753
2753
2753
2743
2743
2743
2743
2743
2774
2774
2774
2774
2774
2784
2784
2784
2784
2784
2784
2806
2806
2806
2806
2806
2837
2837
2837
2837
2837
2834
2834
2834
2834
2834
2834
2859
2859
2859
2859
2859
2841
2841
2841
2841
2841
2810
2810
2810
2810
2810
2810
2789
2789
2789
2789
2789
2774
2774
2774
2774
2774
2775
2775
2775
2775
2775
2775
2721
2721
2721
2721
2721
2745
2745
2745
2745
2745
2763
2763
2763
2763
2763
2763
2780
2780
2780
2780
2780
2772
2772
2772
2772
2772
2801
2801
2801
2801
2801
2801
2792
2792
2792
2792
2792
2826
2826
2826
2826
2826
2843
2843
2843
2843
2843
2843
2842
2842
2842
2842
2842
2832
2832
2832
2832
2832
2791
2791
2791
2791
2791
2791
2822
2822
2822
2822
2822
2796
2796
2796
2796
2796
2795
2795
2795
2795
2795
2795
2779
2779
2779
2779
2779
2787
2787
2787
2787
2787
2765
2765
2765
2765
2765
2765
2809
2809
2809
2809
2809
2795
2795
2795
2795
2795
2794
2794
2794
2794
2794
2794
2799
2799
2799
2799
2799
2778
2778
2778
2778
2778
2798
2798
2798
2798
2798
2798
2806
2806
2806
2806