2805
2805
2805
2805
2805
2786
2786
2786
2786
2786
2826
2826
2826
2826
2826
2775
2775
2775
2775
2775
2775
2782
2782
2782
2782
2782
2829
2829
2829
2829
2829
2790
2790
2790
2790
2790
2790
2779
2779
2779
2779
2779
2769
2769
2769
2769
2769
2789
2789
2789
2789
2789
2789
2780
2780
2780
2780
2780
2824
2824
2824
2824
2824
2774
2774
2774
2774
2774
2774
2809
2809
2809
2809
2809
2843
2843
2843
2843
2843
2778
2778
2778
2778
2778
2778
2783
2783
2783
2783
2783
2789
2789
2789
2789
2789
2771
2771
2771
2771
2771
2771
2781
2781
2781
2781
2781
2776
2776
2776
2776
2776
2802
2802
2802
2802
2802
2802
2797
2797
2797
2797
2797
2780
2780
2780
2780
2780
2778
2778
2778
2778
2778
2778
2814
2814
2814
2814
2814
2790
2790
2790
2790
2790
2817
2817
2817
2817
2817
2817
2782
2782
2782
2782
2782
2789
2789
2789
2789
2789
2783
2783
2783
2783
2783
2783
2789
2789
2789
2789
2789
2754
2754
2754
2754
2754
2753
2753
2753
2753
2753
2753
2756
2756
2756
2756
2756
2778
2778
2778
2778
2778
2806
2806
2806
2806
2806
2806
2813
2813
2813
2813
2813
2793
2793
2793
2793
2793
2785
2785
2785
2785
2785
2785
2758
2758
2758
2758
2758
2801
2801
2801
2801
2801
2796
2796
2796
2796
2796
2796
2821
2821
2821
2821
2821
2806
2806
2806
2806
2806
2792
2792
2792
2792
2792
2792
2821
2821
2821
2821
2821
2780
2780
2780
2780
2780
2825
2825
2825
2825
2825
2825
2778
2778
2778
2778
2778
2781
2781
2781
2781
2781
2801
2801
2801
2801
2801
2801
2813
2813
2813
2813
2813
2794
2794
2794
2794
2794
2782
2782
2782
2782
2782
2782
2793
2793
2793
2793
2793
2784
2784
2784
2784
2784
2785
2785
2785
2785
2785
2785
2764
2764
2764
2764
2764
2790
2790
2790
2790
2790
2767
2767
2767
2767
2767
2767
2753
2753
2753
2753
2753
2768
2768
2768
2768
2768
2756
2756
2756
2756
2756
2756
2744
2744
2744
2744
2744
2793
2793
2793
2793
2793
2771
2771
2771
2771
2771
2771
2786
2786
2786
2786
2786
2790
2790
2790
2790
2790
2790
2790
2790
2790
2790
2790
2786
2786
2786
2786
2786
2782
2782
2782
2782
2782
2804
2804
2804
2804
2804
2804
2789
2789
2789
2789
2789
2766
2766
2766
2766
2766
2785
2785
2785
2785
2785
2785
2779
2779
2779
2779
2779
2791
2791
2791
2791
2791
2769
2769
2769
2769
2769
2769
2775
2775
2775
2775
2775
2758
2758
2758
2758
2758
2782
2782
2782
2782
2782
2782
2779
2779
2779
2779
2779
2829
2829
2829
2829
2829
2824
2824
2824
2824
2824
2824
2814
2814
2814
2814
2814
2810
2810
2810
2810
2810
2829
2829
2829
2829
2829
2829
2799
2799
2799
2799
2799
2809
2809
2809
2809
2809
2789
2789
2789
2789
2789
2789
2809
2809
2809
2809
2809
2789
2789
2789
2789
2789
2827
2827
2827
2827
2827
2827
2799
2799
2799
2799
2799
2813
2813
2813
2813
2813
2822
2822
2822
2822
2822
2822
2827
2827
2827
2827
2827
2796
2796
2796
2796
2796
2772
2772
2772
2772
2772
2772
2755
2755
2755
2755
2755
2741
2741
2741
2741
2741
2695
2695
2695
2695
2695
2695
2730
2730
2730
2730
2730
2734
2734
2734
2734
2734
2736
2736
2736
2736
2736
2736
2771
2771
2771
2771
2771
2755
2755
2755
2755
2755
2800
2800
2800
2800
2800
2800
2840
2840
2840
2840
2840
2822
2822
2822
2822
2822
2828
2828
2828
2828
2828
2828
2803
2803
2803
2803
2803
2802
2802
2802
2802
2802
2771
2771
2771
2771
2771
2771
2754
2754
2754
2754
2754
2762
2762
2762
2762
2762
2771
2771
2771
2771
2771
2771
2764
2764
2764
2764
2764
2802
2802
2802
2802
2802
2827
2827
2827
2827
2827
2827
2846
2846
2846
2846
2846
2834
2834
2834
2834
2834
2852
2852
2852
2852
2852
2852
2848
2848
2848
2848
2848
2825
2825
2825
2825
2825
2854
2854
2854
2854
2854
2854
2822
2822
2822
2822
2822
2787
2787
2787
2787
2787
2752
2752
2752
2752
2752
2752
2738
2738
2738
2738
2738
2746
2746
2746
2746
2746
2750
2750
2750
2750
2750
2750
2759
2759
2759
2759
2759
2732
2732
2732
2732
2732
2740
2740
2740
2740
2740
2740
2743
2743
2743
2743
2743
2744
2744
2744
2744
2744
2761
2761
2761
2761
2761
2761
2769
2769
2769
2769
2769
2766
2766
2766
2766
2766
2763
2763
2763
2763
2763
2763
2767
2767
2767
2767
2767
2771
2771
2771
2771
2771
2737
2737
2737
2737
2737
2737
2749
2749
2749
2749
2749
2725
2725
2725
2725
2725
2715
2715
2715
2715
2715
2715
2734
2734
2734
2734
2734
2713
2713
2713
2713
2713
2707
2707
2707
2707
2707
2707
2693
2693
2693
2693
2693
2709
2709
2709
2709
2709
2702
2702
2702
2702
2702
2702
2691
2691
2691
2691
2691
2706
2706
2706
2706
2706
2719
2719
2719
2719
2719
2719
2745
2745
2745
2745
2745
2771
2771
2771
2771
2771
2758
2758
2758
2758
2758
2758
2717
2717
2717
2717
2717
2649
2649
2649
2649
2649
2560
2560
2560
2560
2560
2560
2480
2480
2480
2480
2480
2429
2429
2429
2429
2429
2394
2394
2394
2394
2394
2394
2465
2465
2465
2465
2465
2608
2608
2608
2608
2608
2860
2860
2860
2860
2860
2860
3197
3197
3197
3197
3197
3522
3522
3522
3522
3522
3861
3861
3861
3861
3861
3861
4095
4095
4095
4095
4095
4095
4095
4095
4095
4095
4095
4095
4095
4095
4095
4095
4026
4026
4026
4026
4026
3806
3806
3806
3806
3806
3452
3452
3452
3452
3452
3452
3075
3075
3075
3075
3075
2744
2744
2744
2744
2744
2443
2443
2443
2443
2443
2443
2208
2208
2208
2208
2208
2064
2064
2064
2064
2064
1995
1995
1995
1995
1995
1995
1923
1923
1923
1923
1923
1881
1881
1881
1881
1881
1886
1886
1886
1886
1886
1886
1861
1861
1861
1861
1861
1813
1813
1813
1813
1813
1784
1784
1784
1784
1784
1784
1775
1775
1775
1775
1775
1818
1818
1818
1818
1818
1921
1921
1921
1921
1921
1921
2028
2028
2028
2028
2028
2179
2179
2179
2179
2179
2358
2358
2358
2358
2358
2358
2542
2542
2542
2542
2542
2742
2742
2742
2742
2742
2942
2942
2942
2942
2942
2942
3142
3142
3142
3142
3142
3354
3354
3354
3354
3354
3533
3533
3533
3533
3533
3533
3729
3729
3729
3729
3729
3846
3846
3846
3846
3846
3933
3933
3933
3933
3933
3933
3963
3963
3963
3963
3963
3982
3982
3982
3982
3982
3887
3887
3887
3887
3887
3887
3789
3789
3789
3789
3789
3681
3681
3681
3681
3681
3509
3509
3509
3509
3509
3509
3419
3419
3419
3419
3419
3250
3250
3250
3250
3250
3115
3115
3115
3115
3115
3115
3012
3012
3012
3012
3012
2938
2938
2938
2938
2938
2907
2907
2907
2907
2907
2907
2866
2866
2866
2866
2866
2834
2834
2834
2834
2834
2819
2819
2819
2819
2819
2819
2712
2712
2712
2712
2712
2562
2562
2562
2562
2562
2437
2437
2437
2437
2437
2437
2291
2291
2291
2291
2291
2187
2187
2187
2187
2187
2080
2080
2080
2080
2080
2080
2011
2011
2011
2011
2011
1970
1970
1970
1970
1970
1949
1949
1949
1949
1949
1949
1928
1928
1928
1928
1928
1939
1939
1939
1939
1939
1959
1959
1959
1959
1959
1959
2014
2014
2014
2014
2014
2098
2098
2098
2098
2098
2239
2239
2239
2239
2239
2239
2427
2427
2427
2427
2427
2654
2654
2654
2654
2654
2862
2862
2862
2862
2862
2862
3028
3028
3028
3028
3028
3124
3124
3124
3124
3124
3197
3197
3197
3197
3197
3197
3208
3208
3208
3208
3208
3175
3175
3175
3175
3175
3147
3147
3147
3147
3147
3147
3153
3153
3153
3153
3153
3152
3152
3152
3152
3152
3200
3200
3200
3200
3200
3200
3248
3248
3248
3248
3248
3266
3266
3266
3266
3266
3272
3272
3272
3272
3272
3272
3257
3257
3257
3257
3257
3157
3157
3157
3157
3157
3081
3081
3081
3081
3081
3081
3026
3026
3026
3026
3026
2962
2962
2962
2962
2962
2935
2935
2935
2935
2935
2935
2928
2928
2928
2928
2928
2932
2932
2932
2932
2932
2975
2975
2975
2975
2975
2975
2971
2971
2971
2971
2971
2990
2990
2990
2990
2990
3003
3003
3003
3003
3003
3003
2998
2998
2998
2998
2998
2984
2984
2984
2984
2984
2954
2954
2954
2954
2954
2954
2888
2888
2888
2888
2888
2790
2790
2790
2790
2790
2777
2777
2777
2777
2777
2777
2706
2706
2706
2706
2706
2635
2635
2635
2635
2635
2590
2590
2590
2590
2590
2590
2498
2498
2498
2498
2498
2504
2504
2504
2504
2504
2504
2504
2504
2504
2504
2504
2499
2499
2499
2499
2499
2495
2495
2495
2495
2495
2471
2471
2471
2471
2471
2471
2437
2437
2437
2437
2437
2422
2422
2422
2422
2422
2437
2437
2437
2437
2437
2437
2434
2434
2434
2434
2434
2439
2439
2439
2439
2439
2537
2537
2537
2537
2537
2537
2536
2536
2536
2536
2536
2623
2623
2623
2623
2623
2754
2754
2754
2754
2754
2754
2804
2804
2804
2804
2804
2881
2881
2881
2881
2881
2909
2909
2909
2909
2909
2909
2956
2956
2956
2956
2956
2950
2950
2950
2950
2950
2998
2998
2998
2998
2998
2998
2971
2971
2971
2971
2971
2961
2961
2961
2961
2961
2933
2933
2933
2933
2933
2933
2959
2959
2959
2959
2959
2918
2918
2918
2918
2918
2927
2927
2927
2927
2927
2927
2912
2912
2912
2912
2912
2943
2943
2943
2943
2943
2952
2952
2952
2952
2952
2952
2965
2965
2965
2965
2965
2930
2930
2930
2930
2930
2876
2876
2876
2876
2876
2876
2845
2845
2845
2845
2845
2852
2852
2852
2852
2852
2790
2790
2790
2790
2790
2790
2832
2832
2832
2832
2832
2826
2826
2826
2826
2826
2813
2813
2813
2813
2813
2813
2834
2834
2834
2834
2834
2873
2873
2873
2873
2873
2878
2878
2878
2878
2878
2878
2875
2875
2875
2875
2875
2843
2843
2843
2843
2843
2889
2889
2889
2889
2889
2889
2759
2759
2759
2759
2759
2765
2765
2765
2765
2765
2723
2723
2723
2723
2723
2723
2692
2692
2692
2692
2692
2633
2633
2633
2633
2633
2620
2620
2620
2620
2620
2620
2590
2590
2590
2590
2590
2644
2644
2644
2644
2644
2618
2618
2618
2618
2618
2618
2662
2662
2662
2662
2662
2681
2681
2681
2681
2681
2670
2670
2670
2670
2670
2670
2679
2679
2679
2679
2679
2724
2724
2724
2724
2724
2671
2671
2671
2671
2671
2671
2664
2664
2664
2664
2664
2635
2635
2635
2635
2635
2647
2647
2647
2647
2647
2647
2720
2720
2720
2720
2720
2709
2709
2709
2709
2709
2751
2751
2751
2751
2751
2751
2756
2756
2756
2756
2756
2788
2788
2788
2788
2788
2822
2822
2822
2822
2822
2822
2803
2803
2803
2803
2803
2913
2913
2913
2913
2913
2884
2884
2884
2884
2884
2884
2893
2893
2893
2893
2893
2906
2906
2906
2906
2906
2887
2887
2887
2887
2887
2887
2911
2911
2911
2911
2911
2962
2962
2962
2962
2962
2928
2928
2928
2928
2928
2928
2991
2991
2991
2991
2991
2923
2923
2923
2923
2923
2957
2957
2957
2957
2957
2957
2911
2911
2911
2911
2911
2896
2896
2896
2896
2896
2896
2896
2896
2896
2896
2896
2867
2867
2867
2867
2867
2863
2863
2863
2863
2863
2823
2823
2823
2823
2823
2823
2896
2896
2896
2896
2896
2867
2867
2867
2867
2867
2874
2874
2874
2874
2874
2874
2877
2877
2877
2877
2877
2838
2838
2838
2838
2838
2794
2794
2794
2794
2794
2794
2752
2752
2752
2752
2752
2710
2710
2710
2710
2710
2655
2655
2655
2655
2655
2655
2643
2643
2643
2643
2643
2618
2618
2618
2618
2618
2608
2608
2608
2608
2608
2608
2617
2617
2617
2617
2617
2660
2660
2660
2660
2660
2710
2710
2710
2710
2710
2710
2727
2727
2727
2727
2727
2804
2804
2804
2804
2804
2778
2778
2778
2778
2778
2778
2814
2814
2814
2814
2814
2817
2817
2817
2817
2817
2721
2721
2721
2721
2721
2721
2736
2736
2736
2736
2736
2712
2712
2712
2712
2712
2691
2691
2691
2691
2691
2691
2765
2765
2765
2765
2765
2748
2748
2748
2748
2748
2837
2837
2837
2837
2837
2837
2830
2830
2830
2830
2830
2885
2885
2885
2885
2885
2945
2945
2945
2945
2945
2945
2930
2930
2930
2930
2930
2903
2903
2903
2903
2903
2898
2898
2898
2898
2898
2898
2856
2856
2856
2856
2856
2848
2848
2848
2848
2848
2805
2805
2805
2805
2805
2805
2793
2793
2793
2793
2793
2778
2778
2778
2778
2778
2803
2803
2803
2803
2803
2803
2840
2840
2840
2840
2840
2831
2831
2831
2831
2831
2895
2895
2895
2895
2895
2895
2867
2867
2867
2867
2867
2893
2893
2893
2893
2893
2898
2898
2898
2898
2898
2898
2896
2896
2896
2896
2896
2836
2836
2836
2836
2836
2849
2849
2849
2849
2849
2849
2779
2779
2779
2779
2779
2854
2854
2854
2854
2854
2825
2825
2825
2825
2825
2825
2820
2820
2820
2820
2820
2825
2825
2825
2825
2825
2839
2839
2839
2839
2839
2839
2789
2789
2789
2789
2789
2786
2786
2786
2786
2786
2794
2794
2794
2794
2794
2794
2804
2804
2804
2804
2804
2766
2766
2766
2766
2766
2766
2766
2766
2766
2766
2766
2750
2750
2750
2750
2750
2755
2755
2755
2755
2755
2749
2749
2749
2749
2749
2749
2751
2751
2751
2751
2751
2714
2714
2714
2714
2714
2733
2733
2733
2733
2733
2733
2780
2780
2780
2780
2780
2752
2752
2752
2752
2752
2784
2784
2784
2784
2784
2784
2800
2800
2800
2800
2800
2832
2832
2832
2832
2832
2870
2870
2870
2870
2870
2870
2803
2803
2803
2803
2803
2850
2850
2850
2850
2850
2812
2812
2812
2812
2812
2812
2801
2801
2801
2801
2801
2822
2822
2822
2822
2822
2803
2803
2803
2803
2803
2803
2808
2808
2808
2808
2808
2816
2816
2816
2816
2816
2787
2787
2787
2787
2787
2787
2799
2799
2799
2799
2799
2778
2778
2778
2778
2778
2780
2780
2780
2780
2780
2780
2820
2820
2820
2820
2820
2794
2794
2794
2794
2794
2793
2793
2793
2793
2793
2793
2819
2819
2819
2819
2819
2831
2831
2831
2831
2831
2806
2806
2806
2806
2806
2806
2825
2825
2825
2825
2825
2769
2769
2769
2769
2769
2785
2785
2785
2785
2785
2785
2787
2787
2787
2787
2787
2797
2797
2797
2797
2797
2831
2831
2831
2831
2831
2831
2841
2841
2841
2841
2841
2784
2784
2784
2784
2784
2799
2799
2799
2799
2799
2799
2795
2795
2795
2795
2795
2775
2775
2775
2775
2775
2804
2804
2804
2804
2804
2804
2811
2811
2811
2811
2811
2785
2785
2785
2785
2785
2843
2843
2843
2843
2843
2843
2796
2796
2796
2796
2796
2799
2799
2799
2799
2799
2883
2883
2883
2883
2883
2883
2836
2836
2836
2836
2836
2842
2842
2842
2842
2842
2801
2801
2801
2801
2801
2801
2827
2827
2827
2827
2827
2789
2789
2789
2789
2789
2809
2809
2809
2809
2809
2809
2799
2799
2799
2799
2799
2801
2801
2801
2801
2801
2808
2808
2808
2808
2808
2808
2782
2782
2782
2782
2782
2786
2786
2786
2786
2786
2784
2784
2784
2784
2784
2784
2796
2796
2796
2796
2796
2784
2784
2784
2784
2784
2782
2782
2782
2782
2782
2782
2766
2766
2766
2766
2766
2743
2743
2743
2743
2743
2770
2770
2770
2770
2770
2770
2733
2733
2733
2733
2733
2780
2780
2780
2780
2780
2829
2829
2829
2829
2829
2829
2758
2758
2758
2758
2758
2829
2829
2829
2829
2829
2801
2801
2801
2801
2801
2801
2851
2851
2851
2851
2851
2827
2827
2827
2827
2827
2849
2849
2849
2849
2849
2849
2809
2809
2809
2809
2809
2784
2784
2784
2784
2784
2805
2805
2805
2805
2805
2805
2766
2766
2766
2766
2766
2782
2782
2782
2782
2782
2792
2792
2792
2792
2792
2792
2774
2774
2774
2774
2774
2843
2843
2843
2843
2843
2839
2839
2839
2839
2839
2839
2834
2834
2834
2834
2834
2868
2868
2868
2868
2868
2828
2828
2828
2828
2828
2828
2835
2835
2835
2835
2835
2839
2839
2839
2839
2839
2786
2786
2786
2786
2786
2786
2761
2761
2761
2761
2761
2787
2787
2787
2787
2787
2782
2782
2782
2782
2782
2782
2808
2808
2808
2808
2808
2785
2785
2785
2785
2785
2790
2790
2790
2790
2790
2790
2783
2783
2783
2783
2783
2819
2819
2819
2819
2819
2814
2814
2814
2814
2814
2814
2778
2778
2778
2778
2778
2802
2802
2802
2802
2802
2806
2806
2806
2806
2806
2806
2849
2849
2849
2849
2849
2786
2786
2786
2786
2786
2825
2825
2825
2825
2825
2825
2810
2810
2810
2810
2810
2762
2762
2762
2762
2762
2764
2764
2764
2764
2764
2764
2762
2762
2762
2762
2762
2763
2763
2763
2763
2763
2778
2778
2778
2778
2778
2778
2766
2766
2766
2766
2766
2743
2743
2743
2743
2743
2776
2776
2776
2776
2776
2776
2759
2759
2759
2759
2759
2777
2777
2777
2777
2777
2821
2821
2821
2821
2821
2821
2798
2798
2798
2798
2798
2790
2790
2790
2790
2790
2786
2786
2786
2786
2786
2786
2807
2807
2807
2807
2807
2744
2744
2744
2744
2744
2806
2806
2806
2806
2806
2806
2785
2785
2785
2785
2785
2803
2803
2803
2803
2803
2807
2807
2807
2807
2807
2807
2802
2802
2802
2802
2802
2874
2874
2874
2874
2874
2844
2844
2844
2844
2844
2844
2845
2845
2845
2845
2845
2837
2837
2837
2837
2837
2844
2844
2844
2844
2844
2844
2832
2832
2832
2832
2832
2807
2807
2807
2807
2807
2825
2825
2825
2825
2825
2825
2790
2790
2790
2790
2790
2752
2752
2752
2752
2752
2774
2774
2774
2774
2774
2774
2790
2790
2790
2790
2790
2796
2796
2796
2796
2796
2780
2780
2780
2780
2780
2780
2765
2765
2765
2765
2765
2851
2851
2851
2851
2851
2781
2781
2781
2781
2781
2781
2805
2805
2805
2805
2805
2769
2769
2769
2769
2769
2768
2768
2768
2768
2768
2768
2788
2788
2788
2788
2788
2792
2792
2792
2792
2792
2750
2750
2750
2750
2750
2750
2750
2750
2750
2750
2750
2790
2790
2790
2790
2790
2757
2757
2757
2757
2757
2757
2731
2731
2731
2731
2731
2744
2744
2744
2744
2744
2730
2730
2730
2730
2730
2730
2753
2753
2753
2753
2753
2781
2781
2781
2781
2781
2785
2785
2785
2785
2785
2785
2798
2798
2798
2798
2798
2807
2807
2807
2807
2807
2862
2862
2862
2862
2862
2862
2823
2823
2823
2823
2823
2851
2851
2851
2851
2851
2840
2840
2840
2840
2840
2840
2861
2861
2861
2861
2861
2835
2835
2835
2835
2835
2803
2803
2803
2803
2803
2803
2827
2827
2827
2827
2827
2831
2831
2831
2831
2831
2816
2816
2816
2816
2816
2816
2758
2758
2758
2758
2758
2807
2807
2807
2807
2807
2806
2806
2806
2806
2806
2806
2786
2786
2786
2786
2786
2782
2782
2782
2782
2782
2844
2844
2844
2844
2844
2844
2794
2794
2794
2794
2794
2784
2784
2784
2784
2784
2769
2769
2769
2769
2769
2769
2800
2800
2800
2800
2800
2800
2800
2800
2800
2800
2785
2785
2785
2785
2785
2785
2830
2830
2830
2830
2830
2788
2788
2788
2788
2788
2816
2816
2816
2816
2816
2816
2793
2793
2793
2793
2793
2873
2873
2873
2873
2873
2837
2837
2837
2837
2837
2837
2840
2840
2840
2840
2840
2820
2820
2820
2820
2820
2802
2802
2802
2802
2802
2802
2751
2751
2751
2751
2751
2786
2786
2786
2786
2786
2786
2786
2786
2786
2786
2786
2756
2756
2756
2756
2756
2762
2762
2762
2762
2762
2784
2784
2784
2784
2784
2784
2781
2781
2781
2781
2781
2810
2810
2810
2810
2810
2783
2783
2783
2783
2783
2783
2788
2788
2788
2788
2788
2809
2809
2809
2809
2809
2853
2853
2853
2853
2853
2853
2776
2776
2776
2776
2776
2808
2808
2808
2808
2808
2748
2748
2748
2748
2748
2748
2818
2818
2818
2818
2818
2810
2810
2810
2810
2810
2817
2817
2817
2817
2817
2817
2786
2786
2786
2786
2786
2776
2776
2776
2776
2776
2762
2762
2762
2762
2762
2762
2812
2812
2812
2812
2812
2774
2774
2774
2774
2774
2796
2796
2796
2796
2796
2796
2801
2801
2801
2801
2801
2833
2833
2833
2833
2833
2848
2848
2848
2848
2848
2848
2832
2832
2832
2832
2832
2811
2811
2811
2811
2811
2835
2835
2835
2835
2835
2835
2820
2820
2820
2820
2820
2793
2793
2793
2793
2793
2813
2813
2813
2813
2813
2813
2779
2779
2779
2779
2779
2764
2764
2764
2764
2764
2766
2766
2766
2766
2766
2766
2788
2788
2788
2788
2788
2796
2796
2796
2796
2796
2790
2790
2790
2790
2790
2790
2769
2769
2769
2769
2769
2814
2814
2814
2814
2814
2806
2806
2806
2806
2806
2806
2817
2817
2817
2817
2817
2756
2756
2756
2756
2756
2806
2806
2806
2806
2806
2806
2782
2782
2782
2782
2782
2745
2745
2745
2745
2745
2784
2784
2784
2784
2784
2784
2786
2786
2786
2786
2786
2787
2787
2787
2787
2787
2796
2796
2796
2796
2796
2796
2805
2805
2805
2805
2805
2760
2760
2760
2760
2760
2766
2766
2766
2766
2766
2766
2766
2766
2766
2766
2766
2788
2788
2788
2788
2788
2768
2768
2768
2768
2768
2768
2768
2768
2768
2768
2768
2791
2791
2791
2791
2791
2761
2761
2761
2761
2761
2761
2760
2760
2760
2760
2760
2751
2751
2751
2751
2751
2750
2750
2750
2750
2750
2750
2755
2755
2755
2755
2755
2752
2752
2752
2752
2752
2716
2716
2716
2716
2716
2716
2778
2778
2778
2778
2778
2792
2792
2792
2792
2792
2758
2758
2758
2758
2758
2758
2799
2799
2799
2799
2799
2801
2801
2801
2801
2801
2787
2787
2787
2787
2787
2787
2796
2796
2796
2796
2796
2790
2790
2790
2790
2790
2816
2816
2816
2816
2816
2816
2825
2825
2825
2825
2825
2827
2827
2827
2827
2827
2797
2797
2797
2797
2797
2797
2826
2826
2826
2826
2826
2834
2834
2834
2834
2834
2836
2836
2836
2836
2836
2836
2838
2838
2838
2838
2838
2808
2808
2808
2808
2808
2823
2823
2823
2823
2823
2823
2836
2836
2836
2836
2836
2827
2827
2827
2827
2827
2774
2774
2774
2774
2774
2774
2806
2806
2806
2806
2806
2791
2791
2791
2791
2791
2778
2778
2778
2778
2778
2778
2783
2783
2783
2783
2783
2818
2818
2818
2818
2818
2800
2800
2800
2800
2800
2800
2799
2799
2799
2799
2799
2794
2794
2794
2794
2794
2824
2824
2824
2824
2824
2824
2803
2803
2803
2803
2803
2795
2795
2795
2795
2795
2761
2761
2761
2761
2761
2761
2782
2782
2782
2782
2782
2750
2750
2750
2750
2750
2774
2774
2774
2774
2774
2774
2757
2757
2757
2757
2757
2779
2779
2779
2779
2779
2776
2776
2776
2776
2776
2776
2784
2784
2784
2784
2784
2766
2766
2766
2766
2766
2782
2782
2782
2782
2782
2782
2788
2788
2788
2788
2788
2803
2803
2803
2803
2803
2768
2768
2768
2768
2768
2768
2787
2787
2787
2787
2787
2781
2781
2781
2781
2781
2780
2780
2780
2780
2780
2780
2811
2811
2811
2811
2811
2791
2791
2791
2791
2791
2768
2768
2768
2768
2768
2768
2758
2758
2758
2758
2758
2822
2822
2822
2822
2822
2804
2804
2804
2804
2804
2804
2817
2817
2817
2817
2817
2802
2802
2802
2802
2802
2822
2822
2822
2822
2822
2822
2838
2838
2838
2838
2838
2810
2810
2810
2810
2810
2848
2848
2848
2848
2848
2848
2818
2818
2818
2818
2818
2817
2817
2817
2817
2817
2836
2836
2836
2836
2836
2836
2836
2836
2836
2836
2836
2846
2846
2846
2846
2846
2845
2845
2845
2845
2845
2845
2838
2838
2838
2838
2838
2840
2840
2840
2840
2840
2816
2816
2816
2816
2816
2816
2824
2824
2824
2824
2824
2825
2825
2825
2825
2825
2792
2792
2792
2792
2792
2792
2834
2834
2834
2834
2834
2810
2810
2810
2810
2810
2772
2772
2772
2772
2772
2772
2788
2788
2788
2788
2788
2772
2772
2772
2772
2772
2772
2772
2772
2772
2772
2772
2749
2749
2749
2749
2749
2803
2803
2803
2803
2803
2773
2773
2773
2773
2773
2773
2776
2776
2776
2776
2776
2750
2750
2750
2750
2750
2772
2772
2772
2772
2772
2772
2736
2736
2736
2736
2736
2766
2766
2766
2766
2766
2734
2734
2734
2734
2734
2734
2769
2769
2769
2769
2769
2771
2771
2771
2771
2771
2791
2791
2791
2791
2791
2791
2771
2771
2771
2771
2771
2802
2802
2802
2802
2802
2832
2832
2832
2832
2832
2832
2776
2776
2776
2776
2776
2801
2801
2801
2801
2801
2787
2787
2787
2787
2787
2787
2821
2821
2821
2821
2821
2808
2808
2808
2808
2808
2838
2838
2838
2838
2838
2838
2836
2836
2836
2836
2836
2862
2862
2862
2862
2862
2820
2820
2820
2820
2820
2820
2838
2838
2838
2838
2838
2841
2841
2841
2841
2841
2839
2839
2839
2839
2839
2839
2867
2867
2867
2867
2867
2838
2838
2838
2838
2838
2804
2804
2804
2804
2804
2804
2838
2838
2838
2838
2838
2830
2830
2830
2830
2830
2802
2802
2802
2802
2802
2802
2799
2799
2799
2799
2799
2804
2804
2804
2804
2804
2778
2778
2778
2778
2778
2778
2804
2804
2804
2804
2804
2785
2785
2785
2785
2785
2755
2755
2755
2755
2755
2755
2787
2787
2787
2787
2787
2777
2777
2777
2777
2777
2756
2756
2756
2756
2756
2756
2723
2723
2723
2723
2723
2747
2747
2747
2747
2747
2749
2749
2749
2749
2749
2749
2710
2710
2710
2710
2710
2719
2719
2719
2719
2719
2773
2773
2773
2773
2773
2773
2724
2724
2724
2724
2724
2755
2755
2755
2755
2755
2760
2760
2760
2760
2760
2760
2777
2777
2777
2777
2777
2809
2809
2809
2809
2809
2833
2833
2833
2833
2833
2833
2828
2828
2828
2828
2828
2828
2828
2828
2828
2828
2851
2851
2851
2851
2851
2851
2836
2836
2836
2836
2836
2835
2835
2835
2835
2835
2833
2833
2833
2833
2833
2833
2820
2820
2820
2820
2820
2778
2778
2778
2778
2778
2838
2838
2838
2838
2838
2838
2835
2835
2835
2835
2835
2852
2852
2852
2852
2852
2851
2851
2851
2851
2851
2851
2838
2838
2838
2838
2838
2810
2810
2810
2810
2810
2791
2791
2791
2791
2791
2791
2775
2775
2775
2775
2775
2822
2822
2822
2822
2822
2773
2773
2773
2773
2773
2773
2781
2781
2781
2781
2781
2795
2795
2795
2795
2795
2782
2782
2782
2782
2782
2782
2780
2780
2780
2780
2780
2803
2803
2803
2803
2803
2782
2782
2782
2782
2782
2782
2780
2780
2780
2780
2780
2779
2779
2779
2779
2779
2751
2751
2751
2751
2751
2751
2763
2763
2763
2763
2763
2764
2764
2764
2764
2764
2763
2763
2763
2763
2763
2763
2781
2781
2781
2781
2781
2786
2786
2786
2786
2786
2793
2793
2793
2793
2793
2793
2768
2768
2768
2768
2768
2753
2753
2753
2753
2753
2781
2781
2781
2781
2781
2781
2762
2762
2762
2762
2762
2775
2775
2775
2775
2775
2734
2734
2734
2734
2734
2734
2770
2770
2770
2770
2770
2782
2782
2782
2782
2782
2785
2785
2785
2785
2785
2785
2770
2770
2770
2770
2770
2750
2750
2750
2750
2750
2816
2816
2816
2816
2816
2816
2858
2858
2858
2858
2858
2837
2837
2837
2837
2837
2810
2810
2810
2810
2810
2810
2837
2837
2837
2837
2837
2800
2800
2800
2800
2800
2797
2797
2797
2797
2797
2797
2845
2845
2845
2845
2845
2837
2837
2837
2837
2837
2791
2791
2791
2791
2791
2791
2778
2778
2778
2778
2778
2809
2809
2809
2809
2809
2762
2762
2762
2762
2762
2762
2824
2824
2824
2824
2824
2797
2797
2797
2797
2797
2777
2777
2777
2777
2777
2777
2800
2800
2800
2800
2800
2793
2793
2793
2793
2793
2773
2773
2773
2773
2773
2773
2812
2812
2812
2812
2812
2768
2768
2768
2768
2768
2775
2775
2775
2775
2775
2775
2727
2727
2727
2727
2727
2759
2759
2759
2759
2759
2746
2746
2746
2746
2746
2746
2754
2754
2754
2754
2754
2786
2786
2786
2786
2786
2783
2783
2783
2783
2783
2783
2792
2792
2792
2792
2792
2810
2810
2810
2810
2810
2772
2772
2772
2772
2772
2772
2780
2780
2780
2780
2780
2792
2792
2792
2792
2792
2780
2780
2780
2780
2780
2780
2809
2809
2809
2809
2809
2808
2808
2808
2808
2808
2772
2772
2772
2772
2772
2772
2796
2796
2796
2796
2796
2823
2823
2823
2823
2823
2803
2803
2803
2803
2803
2803
2841
2841
2841
2841
2841
2809
2809
2809
2809
2809
2782
2782
2782
2782
2782
2782
2806
2806
2806
2806
2806
2785
2785
2785
2785
2785
2780
2780
2780
2780
2780
2780
2805
2805
2805
2805
2805
2791
2791
2791
2791
2791
2789
2789
2789
2789
2789
2789
2800
2800
2800
2800
2800
2806
2806
2806
2806
2806
2773
2773
2773
2773
2773
2773
2775
2775
2775
2775
2775
2764
2764
2764
2764
2764
2763
2763
2763
2763
2763
2763
2754
2754
2754
2754
2754
2763
2763
2763
2763
2763
2833
2833
2833
2833
2833
2833
2792
2792
2792
2792
2792
2845
2845
2845
2845
2845
2817
2817
2817
2817
2817
2817
2810
2810
2810
2810
2810
2821
2821
2821
2821
2821
2788
2788
2788
2788
2788
2788
2812
2812
2812
2812
2812
2784
2784
2784
2784
2784
2819
2819
2819
2819
2819
2819
2797
2797
2797
2797
2797
2796
2796
2796
2796
2796
2823
2823
2823
2823
2823
2823
2790
2790
2790
2790
2790
2767
2767
2767
2767
2767
2763
2763
2763
2763
2763
2763
2763
2763
2763
2763
2763
2726
2726
2726
2726
2726
2789
2789
2789
2789
2789
2789
2784
2784
2784
2784
2784
2775
2775
2775
2775
2775
2773
2773
2773
2773
2773
2773
2793
2793
2793
2793
2793
2778
2778
2778
2778
2778
2756
2756
2756
2756
2756
2756
2810
2810
2810
2810
2810
2780
2780
2780
2780
2780
2833
2833
2833
2833
2833
2833
2748
2748