2737
2737
2737
2737
2737
2738
2738
2738
2738
2738
2739
2739
2739
2739
2739
2739
2741
2741
2741
2741
2741
2745
2745
2745
2745
2745
2738
2738
2738
2738
2738
2738
2738
2738
2738
2738
2738
2731
2731
2731
2731
2731
2744
2744
2744
2744
2744
2744
2741
2741
2741
2741
2741
2726
2726
2726
2726
2726
2749
2749
2749
2749
2749
2749
2736
2736
2736
2736
2736
2744
2744
2744
2744
2744
2734
2734
2734
2734
2734
2734
2734
2734
2734
2734
2734
2746
2746
2746
2746
2746
2742
2742
2742
2742
2742
2742
2738
2738
2738
2738
2738
2741
2741
2741
2741
2741
2734
2734
2734
2734
2734
2734
2740
2740
2740
2740
2740
2734
2734
2734
2734
2734
2732
2732
2732
2732
2732
2732
2741
2741
2741
2741
2741
2734
2734
2734
2734
2734
2736
2736
2736
2736
2736
2736
2727
2727
2727
2727
2727
2745
2745
2745
2745
2745
2739
2739
2739
2739
2739
2739
2730
2730
2730
2730
2730
2725
2725
2725
2725
2725
2729
2729
2729
2729
2729
2729
2746
2746
2746
2746
2746
2727
2727
2727
2727
2727
2735
2735
2735
2735
2735
2735
2731
2731
2731
2731
2731
2740
2740
2740
2740
2740
2734
2734
2734
2734
2734
2734
2738
2738
2738
2738
2738
2732
2732
2732
2732
2732
2748
2748
2748
2748
2748
2748
2736
2736
2736
2736
2736
2731
2731
2731
2731
2731
2733
2733
2733
2733
2733
2733
2743
2743
2743
2743
2743
2736
2736
2736
2736
2736
2730
2730
2730
2730
2730
2730
2728
2728
2728
2728
2728
2735
2735
2735
2735
2735
2738
2738
2738
2738
2738
2738
2727
2727
2727
2727
2727
2736
2736
2736
2736
2736
2732
2732
2732
2732
2732
2732
2741
2741
2741
2741
2741
2733
2733
2733
2733
2733
2726
2726
2726
2726
2726
2726
2726
2726
2726
2726
2726
2734
2734
2734
2734
2734
2730
2730
2730
2730
2730
2730
2731
2731
2731
2731
2731
2740
2740
2740
2740
2740
2727
2727
2727
2727
2727
2727
2732
2732
2732
2732
2732
2722
2722
2722
2722
2722
2733
2733
2733
2733
2733
2733
2728
2728
2728
2728
2728
2733
2733
2733
2733
2733
2731
2731
2731
2731
2731
2731
2742
2742
2742
2742
2742
2732
2732
2732
2732
2732
2739
2739
2739
2739
2739
2739
2731
2731
2731
2731
2731
2726
2726
2726
2726
2726
2736
2736
2736
2736
2736
2736
2734
2734
2734
2734
2734
2730
2730
2730
2730
2730
2724
2724
2724
2724
2724
2724
2743
2743
2743
2743
2743
2733
2733
2733
2733
2733
2733
2733
2733
2733
2733
2733
2720
2720
2720
2720
2720
2729
2729
2729
2729
2729
2740
2740
2740
2740
2740
2740
2736
2736
2736
2736
2736
2728
2728
2728
2728
2728
2747
2747
2747
2747
2747
2747
2729
2729
2729
2729
2729
2722
2722
2722
2722
2722
2723
2723
2723
2723
2723
2723
2719
2719
2719
2719
2719
2737
2737
2737
2737
2737
2721
2721
2721
2721
2721
2721
2733
2733
2733
2733
2733
2734
2734
2734
2734
2734
2739
2739
2739
2739
2739
2739
2739
2739
2739
2739
2739
2743
2743
2743
2743
2743
2734
2734
2734
2734
2734
2734
2720
2720
2720
2720
2720
2736
2736
2736
2736
2736
2712
2712
2712
2712
2712
2712
2733
2733
2733
2733
2733
2743
2743
2743
2743
2743
2735
2735
2735
2735
2735
2735
2719
2719
2719
2719
2719
2731
2731
2731
2731
2731
2728
2728
2728
2728
2728
2728
2728
2728
2728
2728
2728
2740
2740
2740
2740
2740
2741
2741
2741
2741
2741
2741
2744
2744
2744
2744
2744
2736
2736
2736
2736
2736
2745
2745
2745
2745
2745
2745
2724
2724
2724
2724
2724
2740
2740
2740
2740
2740
2744
2744
2744
2744
2744
2744
2745
2745
2745
2745
2745
2732
2732
2732
2732
2732
2749
2749
2749
2749
2749
2749
2745
2745
2745
2745
2745
2737
2737
2737
2737
2737
2721
2721
2721
2721
2721
2721
2741
2741
2741
2741
2741
2735
2735
2735
2735
2735
2733
2733
2733
2733
2733
2733
2738
2738
2738
2738
2738
2719
2719
2719
2719
2719
2749
2749
2749
2749
2749
2749
2737
2737
2737
2737
2737
2748
2748
2748
2748
2748
2740
2740
2740
2740
2740
2740
2740
2740
2740
2740
2740
2752
2752
2752
2752
2752
2740
2740
2740
2740
2740
2740
2737
2737
2737
2737
2737
2749
2749
2749
2749
2749
2731
2731
2731
2731
2731
2731
2740
2740
2740
2740
2740
2737
2737
2737
2737
2737
2724
2724
2724
2724
2724
2724
2747
2747
2747
2747
2747
2737
2737
2737
2737
2737
2752
2752
2752
2752
2752
2752
2729
2729
2729
2729
2729
2744
2744
2744
2744
2744
2744
2744
2744
2744
2744
2744
2732
2732
2732
2732
2732
2730
2730
2730
2730
2730
2730
2730
2730
2730
2730
2730
2731
2731
2731
2731
2731
2728
2728
2728
2728
2728
2736
2736
2736
2736
2736
2736
2743
2743
2743
2743
2743
2750
2750
2750
2750
2750
2731
2731
2731
2731
2731
2731
2745
2745
2745
2745
2745
2753
2753
2753
2753
2753
2743
2743
2743
2743
2743
2743
2737
2737
2737
2737
2737
2755
2755
2755
2755
2755
2749
2749
2749
2749
2749
2749
2744
2744
2744
2744
2744
2741
2741
2741
2741
2741
2747
2747
2747
2747
2747
2747
2746
2746
2746
2746
2746
2743
2743
2743
2743
2743
2739
2739
2739
2739
2739
2739
2750
2750
2750
2750
2750
2750
2750
2750
2750
2750
2734
2734
2734
2734
2734
2734
2736
2736
2736
2736
2736
2733
2733
2733
2733
2733
2751
2751
2751
2751
2751
2751
2745
2745
2745
2745
2745
2737
2737
2737
2737
2737
2759
2759
2759
2759
2759
2759
2741
2741
2741
2741
2741
2743
2743
2743
2743
2743
2724
2724
2724
2724
2724
2724
2736
2736
2736
2736
2736
2739
2739
2739
2739
2739
2744
2744
2744
2744
2744
2744
2740
2740
2740
2740
2740
2748
2748
2748
2748
2748
2745
2745
2745
2745
2745
2745
2745
2745
2745
2745
2745
2746
2746
2746
2746
2746
2744
2744
2744
2744
2744
2744
2745
2745
2745
2745
2745
2748
2748
2748
2748
2748
2737
2737
2737
2737
2737
2737
2727
2727
2727
2727
2727
2755
2755
2755
2755
2755
2730
2730
2730
2730
2730
2730
2738
2738
2738
2738
2738
2741
2741
2741
2741
2741
2756
2756
2756
2756
2756
2756
2740
2740
2740
2740
2740
2760
2760
2760
2760
2760
2738
2738
2738
2738
2738
2738
2750
2750
2750
2750
2750
2747
2747
2747
2747
2747
2741
2741
2741
2741
2741
2741
2733
2733
2733
2733
2733
2745
2745
2745
2745
2745
2735
2735
2735
2735
2735
2735
2733
2733
2733
2733
2733
2744
2744
2744
2744
2744
2749
2749
2749
2749
2749
2749
2744
2744
2744
2744
2744
2760
2760
2760
2760
2760
2740
2740
2740
2740
2740
2740
2734
2734
2734
2734
2734
2749
2749
2749
2749
2749
2738
2738
2738
2738
2738
2738
2734
2734
2734
2734
2734
2747
2747
2747
2747
2747
2740
2740
2740
2740
2740
2740
2745
2745
2745
2745
2745
2738
2738
2738
2738
2738
2738
2738
2738
2738
2738
2738
2747
2747
2747
2747
2747
2754
2754
2754
2754
2754
2741
2741
2741
2741
2741
2741
2741
2741
2741
2741
2741
2749
2749
2749
2749
2749
2750
2750
2750
2750
2750
2750
2734
2734
2734
2734
2734
2743
2743
2743
2743
2743
2745
2745
2745
2745
2745
2745
2735
2735
2735
2735
2735
2742
2742
2742
2742
2742
2733
2733
2733
2733
2733
2733
2753
2753
2753
2753
2753
2753
2753
2753
2753
2753
2740
2740
2740
2740
2740
2740
2743
2743
2743
2743
2743
2735
2735
2735
2735
2735
2756
2756
2756
2756
2756
2756
2744
2744
2744
2744
2744
2756
2756
2756
2756
2756
2741
2741
2741
2741
2741
2741
2754
2754
2754
2754
2754
2736
2736
2736
2736
2736
2750
2750
2750
2750
2750
2750
2738
2738
2738
2738
2738
2753
2753
2753
2753
2753
2748
2748
2748
2748
2748
2748
2751
2751
2751
2751
2751
2743
2743
2743
2743
2743
2745
2745
2745
2745
2745
2745
2753
2753
2753
2753
2753
2753
2753
2753
2753
2753
2739
2739
2739
2739
2739
2739
2738
2738
2738
2738
2738
2747
2747
2747
2747
2747
2742
2742
2742
2742
2742
2742
2754
2754
2754
2754
2754
2744
2744
2744
2744
2744
2753
2753
2753
2753
2753
2753
2753
2753
2753
2753
2753
2744
2744
2744
2744
2744
2756
2756
2756
2756
2756
2756
2743
2743
2743
2743
2743
2758
2758
2758
2758
2758
2749
2749
2749
2749
2749
2749
2745
2745
2745
2745
2745
2748
2748
2748
2748
2748
2746
2746
2746
2746
2746
2746
2736
2736
2736
2736
2736
2746
2746
2746
2746
2746
2742
2742
2742
2742
2742
2742
2758
2758
2758
2758
2758
2742
2742
2742
2742
2742
2752
2752
2752
2752
2752
2752
2750
2750
2750
2750
2750
2749
2749
2749
2749
2749
2740
2740
2740
2740
2740
2740
2727
2727
2727
2727
2727
2750
2750
2750
2750
2750
2745
2745
2745
2745
2745
2745
2742
2742
2742
2742
2742
2756
2756
2756
2756
2756
2750
2750
2750
2750
2750
2750
2744
2744
2744
2744
2744
2746
2746
2746
2746
2746
2750
2750
2750
2750
2750
2750
2747
2747
2747
2747
2747
2755
2755
2755
2755
2755
2752
2752
2752
2752
2752
2752
2746
2746
2746
2746
2746
2766
2766
2766
2766
2766
2752
2752
2752
2752
2752
2752
2742
2742
2742
2742
2742
2744
2744
2744
2744
2744
2745
2745
2745
2745
2745
2745
2757
2757
2757
2757
2757
2738
2738
2738
2738
2738
2747
2747
2747
2747
2747
2747
2743
2743
2743
2743
2743
2754
2754
2754
2754
2754
2748
2748
2748
2748
2748
2748
2747
2747
2747
2747
2747
2755
2755
2755
2755
2755
2747
2747
2747
2747
2747
2747
2752
2752
2752
2752
2752
2751
2751
2751
2751
2751
2760
2760
2760
2760
2760
2760
2760
2760
2760
2760
2760
2759
2759
2759
2759
2759
2746
2746
2746
2746
2746
2746
2751
2751
2751
2751
2751
2745
2745
2745
2745
2745
2740
2740
2740
2740
2740
2740
2738
2738
2738
2738
2738
2743
2743
2743
2743
2743
2754
2754
2754
2754
2754
2754
2747
2747
2747
2747
2747
2751
2751
2751
2751
2751
2744
2744
2744
2744
2744
2744
2741
2741
2741
2741
2741
2748
2748
2748
2748
2748
2746
2746
2746
2746
2746
2746
2742
2742
2742
2742
2742
2747
2747
2747
2747
2747
2742
2742
2742
2742
2742
2742
2758
2758
2758
2758
2758
2759
2759
2759
2759
2759
2748
2748
2748
2748
2748
2748
2751
2751
2751
2751
2751
2755
2755
2755
2755
2755
2743
2743
2743
2743
2743
2743
2746
2746
2746
2746
2746
2752
2752
2752
2752
2752
2747
2747
2747
2747
2747
2747
2754
2754
2754
2754
2754
2729
2729
2729
2729
2729
2765
2765
2765
2765
2765
2765
2740
2740
2740
2740
2740
2754
2754
2754
2754
2754
2747
2747
2747
2747
2747
2747
2753
2753
2753
2753
2753
2752
2752
2752
2752
2752
2750
2750
2750
2750
2750
2750
2749
2749
2749
2749
2749
2736
2736
2736
2736
2736
2749
2749
2749
2749
2749
2749
2741
2741
2741
2741
2741
2751
2751
2751
2751
2751
2743
2743
2743
2743
2743
2743
2760
2760
2760
2760
2760
2746
2746
2746
2746
2746
2741
2741
2741
2741
2741
2741
2747
2747
2747
2747
2747
2751
2751
2751
2751
2751
2750
2750
2750
2750
2750
2750
2742
2742
2742
2742
2742
2752
2752
2752
2752
2752
2741
2741
2741
2741
2741
2741
2763
2763
2763
2763
2763
2743
2743
2743
2743
2743
2750
2750
2750
2750
2750
2750
2744
2744
2744
2744
2744
2752
2752
2752
2752
2752
2755
2755
2755
2755
2755
2755
2752
2752
2752
2752
2752
2751
2751
2751
2751
2751
2755
2755
2755
2755
2755
2755
2747
2747
2747
2747
2747
2732
2732
2732
2732
2732
2749
2749
2749
2749
2749
2749
2746
2746
2746
2746
2746
2743
2743
2743
2743
2743
2738
2738
2738
2738
2738
2738
2753
2753
2753
2753
2753
2753
2753
2753
2753
2753
2752
2752
2752
2752
2752
2752
2739
2739
2739
2739
2739
2741
2741
2741
2741
2741
2751
2751
2751
2751
2751
2751
2741
2741
2741
2741
2741
2750
2750
2750
2750
2750
2762
2762
2762
2762
2762
2762
2745
2745
2745
2745
2745
2750
2750
2750
2750
2750
2755
2755
2755
2755
2755
2755
2744
2744
2744
2744
2744
2755
2755
2755
2755
2755
2745
2745
2745
2745
2745
2745
2750
2750
2750
2750
2750
2750
2750
2750
2750
2750
2755
2755
2755
2755
2755
2755
2754
2754
2754
2754
2754
2746
2746
2746
2746
2746
2743
2743
2743
2743
2743
2743
2749
2749
2749
2749
2749
2755
2755
2755
2755
2755
2748
2748
2748
2748
2748
2748
2746
2746
2746
2746
2746
2751
2751
2751
2751
2751
2751
2751
2751
2751
2751
2751
2750
2750
2750
2750
2750
2756
2756
2756
2756
2756
2747
2747
2747
2747
2747
2747
2746
2746
2746
2746
2746
2745
2745
2745
2745
2745
2738
2738
2738
2738
2738
2738
2749
2749
2749
2749
2749
2754
2754
2754
2754
2754
2746
2746
2746
2746
2746
2746
2754
2754
2754
2754
2754
2736
2736
2736
2736
2736
2747
2747
2747
2747
2747
2747
2760
2760
2760
2760
2760
2739
2739
2739
2739
2739
2750
2750
2750
2750
2750
2750
2751
2751
2751
2751
2751
2754
2754
2754
2754
2754
2746
2746
2746
2746
2746
2746
2749
2749
2749
2749
2749
2748
2748
2748
2748
2748
2743
2743
2743
2743
2743
2743
2748
2748
2748
2748
2748
2742
2742
2742
2742
2742
2754
2754
2754
2754
2754
2754
2740
2740
2740
2740
2740
2740
2740
2740
2740
2740
2732
2732
2732
2732
2732
2732
2738
2738
2738
2738
2738
2739
2739
2739
2739
2739
2741
2741
2741
2741
2741
2741
2739
2739
2739
2739
2739
2763
2763
2763
2763
2763
2763
2763
2763
2763
2763
2763
2766
2766
2766
2766
2766
2771
2771
2771
2771
2771
2763
2763
2763
2763
2763
2763
2777
2777
2777
2777
2777
2763
2763
2763
2763
2763
2776
2776
2776
2776
2776
2776
2766
2766
2766
2766
2766
2769
2769
2769
2769
2769
2767
2767
2767
2767
2767
2767
2758
2758
2758
2758
2758
2757
2757
2757
2757
2757
2751
2751
2751
2751
2751
2751
2743
2743
2743
2743
2743
2736
2736
2736
2736
2736
2733
2733
2733
2733
2733
2733
2736
2736
2736
2736
2736
2737
2737
2737
2737
2737
2731
2731
2731
2731
2731
2731
2737
2737
2737
2737
2737
2731
2731
2731
2731
2731
2740
2740
2740
2740
2740
2740
2717
2717
2717
2717
2717
2734
2734
2734
2734
2734
2737
2737
2737
2737
2737
2737
2739
2739
2739
2739
2739
2734
2734
2734
2734
2734
2743
2743
2743
2743
2743
2743
2747
2747
2747
2747
2747
2755
2755
2755
2755
2755
2763
2763
2763
2763
2763
2763
2753
2753
2753
2753
2753
2776
2776
2776
2776
2776
2771
2771
2771
2771
2771
2771
2773
2773
2773
2773
2773
2772
2772
2772
2772
2772
2772
2756
2756
2756
2756
2756
2766
2766
2766
2766
2766
2769
2769
2769
2769
2769
2771
2771
2771
2771
2771
2771
2759
2759
2759
2759
2759
2779
2779
2779
2779
2779
2764
2764
2764
2764
2764
2764
2761
2761
2761
2761
2761
2751
2751
2751
2751
2751
2751
2760
2760
2760
2760
2760
2747
2747
2747
2747
2747
2751
2751
2751
2751
2751
2742
2742
2742
2742
2742
2742
2747
2747
2747
2747
2747
2735
2735
2735
2735
2735
2743
2743
2743
2743
2743
2743
2721
2721
2721
2721
2721
2721
2721
2721
2721
2721
2721
2732
2732
2732
2732
2732
2731
2731
2731
2731
2731
2724
2724
2724
2724
2724
2744
2744
2744
2744
2744
2744
2739
2739
2739
2739
2739
2738
2738
2738
2738
2738
2740
2740
2740
2740
2740
2740
2739
2739
2739
2739
2739
2748
2748
2748
2748
2748
2748
2751
2751
2751
2751
2751
2761
2761
2761
2761
2761
2763
2763
2763
2763
2763
2771
2771
2771
2771
2771
2771
2777
2777
2777
2777
2777
2774
2774
2774
2774
2774
2781
2781
2781
2781
2781
2781
2766
2766
2766
2766
2766
2781
2781
2781
2781
2781
2781
2778
2778
2778
2778
2778
2759
2759
2759
2759
2759
2773
2773
2773
2773
2773
2768
2768
2768
2768
2768
2768
2760
2760
2760
2760
2760
2757
2757
2757
2757
2757
2747
2747
2747
2747
2747
2747
2740
2740
2740
2740
2740
2739
2739
2739
2739
2739
2739
2733
2733
2733
2733
2733
2755
2755
2755
2755
2755
2734
2734
2734
2734
2734
2735
2735
2735
2735
2735
2735
2731
2731
2731
2731
2731
2731
2731
2731
2731
2731
2732
2732
2732
2732
2732
2732
2732
2732
2732
2732
2732
2736
2736
2736
2736
2736
2736
2726
2726
2726
2726
2726
2742
2742
2742
2742
2742
2728
2728
2728
2728
2728
2736
2736
2736
2736
2736
2736
2712
2712
2712
2712
2712
2734
2734
2734
2734
2734
2725
2725
2725
2725
2725
2725
2734
2734
2734
2734
2734
2724
2724
2724
2724
2724
2724
2748
2748
2748
2748
2748
2740
2740
2740
2740
2740
2735
2735
2735
2735
2735
2734
2734
2734
2734
2734
2734
2740
2740
2740
2740
2740
2748
2748
2748
2748
2748
2741
2741
2741
2741
2741
2741
2738
2738
2738
2738
2738
2714
2714
2714
2714
2714
2714
2685
2685
2685
2685
2685
2628
2628
2628
2628
2628
2589
2589
2589
2589
2589
2539
2539
2539
2539
2539
2539
2521
2521
2521
2521
2521
2530
2530
2530
2530
2530
2578
2578
2578
2578
2578
2578
2677
2677
2677
2677
2677
2802
2802
2802
2802
2802
2802
2951
2951
2951
2951
2951
3069
3069
3069
3069
3069
3199
3199
3199
3199
3199
3288
3288
3288
3288
3288
3288
3356
3356
3356
3356
3356
3347
3347
3347
3347
3347
3328
3328
3328
3328
3328
3328
3274
3274
3274
3274
3274
3187
3187
3187
3187
3187
3187
3082
3082
3082
3082
3082
2982
2982
2982
2982
2982
2852
2852
2852
2852
2852
2742
2742
2742
2742
2742
2742
2609
2609
2609
2609
2609
2511
2511
2511
2511
2511
2420
2420
2420
2420
2420
2420
2353
2353
2353
2353
2353
2324
2324
2324
2324
2324
2324
2293
2293
2293
2293
2293
2285
2285
2285
2285
2285
2299
2299
2299
2299
2299
2275
2275
2275
2275
2275
2275
2255
2255
2255
2255
2255
2232
2232
2232
2232
2232
2212
2212
2212
2212
2212
2212
2225
2225
2225
2225
2225
2246
2246
2246
2246
2246
2246
2297
2297
2297
2297
2297
2430
2430
2430
2430
2430
2558
2558
2558
2558
2558
2741
2741
2741
2741
2741
2741
2882
2882
2882
2882
2882
3037
3037
3037
3037
3037
3133
3133
3133
3133
3133
3133
3213
3213
3213
3213
3213
3241
3241
3241
3241
3241
3241
3257
3257
3257
3257
3257
3244
3244
3244
3244
3244
3218
3218
3218
3218
3218
3184
3184
3184
3184
3184
3184
3146
3146
3146
3146
3146
3127
3127
3127
3127
3127
3068
3068
3068
3068
3068
3068
3035
3035
3035
3035
3035
3008
3008
3008
3008
3008
3008
3013
3013
3013
3013
3013
3018
3018
3018
3018
3018
3021
3021
3021
3021
3021
3037
3037
3037
3037
3037
3037
3036
3036
3036
3036
3036
3012
3012
3012
3012
3012
2981
2981
2981
2981
2981
2981
2901
2901
2901
2901
2901
2816
2816
2816
2816
2816
2816
2723
2723
2723
2723
2723
2631
2631
2631
2631
2631
2553
2553
2553
2553
2553
2484
2484
2484
2484
2484
2484
2439
2439
2439
2439
2439
2409
2409
2409
2409
2409
2407
2407
2407
2407
2407
2407
2400
2400
2400
2400
2400
2416
2416
2416
2416
2416
2416
2422
2422
2422
2422
2422
2413
2413
2413
2413
2413
2413
2413
2413
2413
2413
2408
2408
2408
2408
2408
2408
2398
2398
2398
2398
2398
2396
2396
2396
2396
2396
2434
2434
2434
2434
2434
2434
2462
2462
2462
2462
2462
2500
2500
2500
2500
2500
2500
2567
2567
2567
2567
2567
2642
2642
2642
2642
2642
2700
2700
2700
2700
2700
2777
2777
2777
2777
2777
2777
2836
2836
2836
2836
2836
2875
2875
2875
2875
2875
2905
2905
2905
2905
2905
2905
2933
2933
2933
2933
2933
2942
2942
2942
2942
2942
2942
2947
2947
2947
2947
2947
2953
2953
2953
2953
2953
2942
2942
2942
2942
2942
2935
2935
2935
2935
2935
2935
2926
2926
2926
2926
2926
2934
2934
2934
2934
2934
2954
2954
2954
2954
2954
2954
2980
2980
2980
2980
2980
3004
3004
3004
3004
3004
3004
3049
3049
3049
3049
3049
3070
3070
3070
3070
3070
3068
3068
3068
3068
3068
3067
3067
3067
3067
3067
3067
3039
3039
3039
3039
3039
3008
3008
3008
3008
3008
2955
2955
2955
2955
2955
2955
2904
2904
2904
2904
2904
2850
2850
2850
2850
2850
2850
2811
2811
2811
2811
2811
2765
2765
2765
2765
2765
2739
2739
2739
2739
2739
2705
2705
2705
2705
2705
2705
2701
2701
2701
2701
2701
2687
2687
2687
2687
2687
2662
2662
2662
2662
2662
2662
2628
2628
2628
2628
2628
2618
2618
2618
2618
2618
2618
2597
2597
2597
2597
2597
2549
2549
2549
2549
2549
2523
2523
2523
2523
2523
2511
2511
2511
2511
2511
2511
2515
2515
2515
2515
2515
2502
2502
2502
2502
2502
2501
2501
2501
2501
2501
2501
2519
2519
2519
2519
2519
2550
2550
2550
2550
2550
2550
2576
2576
2576
2576
2576
2607
2607
2607
2607
2607
2636
2636
2636
2636
2636
2668
2668
2668
2668
2668
2668
2707
2707
2707
2707
2707
2707
2707
2707
2707
2707
2720
2720
2720
2720
2720
2720
2736
2736
2736
2736
2736
2731
2731
2731
2731
2731
2731
2727
2727
2727
2727
2727
2731
2731
2731
2731
2731
2751
2751
2751
2751
2751
2775
2775
2775
2775
2775
2775
2788
2788
2788
2788
2788
2822
2822
2822
2822
2822
2847
2847
2847
2847
2847
2847
2870
2870
2870
2870
2870
2894
2894
2894
2894
2894
2894
2911
2911
2911
2911
2911
2926
2926
2926
2926
2926
2917
2917
2917
2917
2917
2906
2906
2906
2906
2906
2906
2886
2886
2886
2886
2886
2870
2870
2870
2870
2870
2861
2861
2861
2861
2861
2861
2846
2846
2846
2846
2846
2844
2844
2844
2844
2844
2844
2837
2837
2837
2837
2837
2859
2859
2859
2859
2859
2861
2861
2861
2861
2861
2863
2863
2863
2863
2863
2863
2856
2856
2856
2856
2856
2846
2846
2846
2846
2846
2821
2821
2821
2821
2821
2821
2782
2782
2782
2782
2782
2770
2770
2770
2770
2770
2770
2743
2743
2743
2743
2743
2704
2704
2704
2704
2704
2678
2678
2678
2678
2678
2675
2675
2675
2675
2675
2675
2650
2650
2650
2650
2650
2645
2645
2645
2645
2645
2642
2642
2642
2642
2642
2642
2645
2645
2645
2645
2645
2648
2648
2648
2648
2648
2648
2657
2657
2657
2657
2657
2655
2655
2655
2655
2655
2655
2655
2655
2655
2655
2679
2679
2679
2679
2679
2679
2659
2659
2659
2659
2659
2644
2644
2644
2644
2644
2635
2635
2635
2635
2635
2635
2649
2649
2649
2649
2649
2641
2641
2641
2641
2641
2641
2666
2666
2666
2666
2666
2683
2683
2683
2683
2683
2709
2709
2709
2709
2709
2731
2731
2731
2731
2731
2731
2781
2781
2781
2781
2781
2776
2776
2776
2776
2776
2799
2799
2799
2799
2799
2799
2805
2805
2805
2805
2805
2785
2785
2785
2785
2785
2785
2774
2774
2774
2774
2774
2782
2782
2782
2782
2782
2759
2759
2759
2759
2759
2752
2752
2752
2752
2752
2752
2747
2747
2747
2747
2747
2764
2764
2764
2764
2764
2780
2780
2780
2780
2780
2780
2772
2772
2772
2772
2772
2796
2796
2796
2796
2796
2796
2791
2791
2791
2791
2791
2805
2805
2805
2805
2805
2793
2793
2793
2793
2793
2813
2813
2813
2813
2813
2813
2792
2792
2792
2792
2792
2794
2794
2794
2794
2794
2792
2792
2792
2792
2792
2792
2786
2786
2786
2786
2786
2779
2779
2779
2779
2779
2779
2771
2771
2771
2771
2771
2769
2769
2769
2769
2769
2740
2740
2740
2740
2740
2766
2766
2766
2766
2766
2766
2778
2778
2778
2778
2778
2793
2793
2793
2793
2793
2791
2791
2791
2791
2791
2791
2807
2807
2807
2807
2807
2783
2783
2783
2783
2783
2783
2781
2781
2781
2781
2781
2753
2753
2753
2753
2753
2707
2707
2707
2707
2707
2713
2713
2713
2713
2713
2713
2705
2705
2705
2705
2705
2709
2709
2709
2709
2709
2701
2701
2701
2701
2701
2701
2734
2734
2734
2734
2734
2733
2733
2733
2733
2733
2733
2741
2741
2741
2741
2741
2743
2743
2743
2743
2743
2734
2734
2734
2734
2734
2733
2733
2733
2733
2733
2733
2723
2723
2723
2723
2723
2699
2699
2699
2699
2699
2693
2693
2693
2693
2693
2693
2693
2693
2693
2693
2693
2668
2668
2668
2668
2668
2668
2676
2676
2676
2676
2676
2667
2667
2667
2667
2667
2690
2690
2690
2690
2690
2682
2682
2682
2682
2682
2682
2697
2697
2697
2697
2697
2717
2717
2717
2717
2717
2728
2728
2728
2728
2728
2728
2739
2739
2739
2739
2739
2740
2740
2740
2740
2740
2740
2754
2754
2754
2754
2754
2758
2758
2758
2758
2758
2778
2778
2778
2778
2778
2763
2763
2763
2763
2763
2763
2785
2785
2785
2785
2785
2754
2754
2754
2754
2754
2760
2760
2760
2760
2760
2760
2760
2760
2760
2760
2760
2776
2776
2776
2776
2776
2776
2785
2785
2785
2785
2785
2797
2797
2797
2797
2797
2800
2800
2800
2800
2800
2810
2810
2810
2810
2810
2810
2817
2817
2817
2817
2817
2827
2827
2827
2827
2827
2803
2803
2803
2803
2803
2803
2793
2793
2793
2793
2793
2782
2782
2782
2782
2782
2782
2771
2771
2771
2771
2771
2769
2769
2769
2769
2769
2749
2749
2749
2749
2749
2765
2765
2765
2765
2765
2765
2762
2762
2762
2762
2762
2765
2765
2765
2765
2765
2752
2752
2752
2752
2752
2752
2762
2762
2762
2762
2762
2760
2760
2760
2760
2760
2760
2749
2749
2749
2749
2749
2736
2736
2736
2736
2736
2729
2729
2729
2729
2729
2731
2731
2731
2731
2731
2731
2712
2712
2712
2712
2712
2723
2723
2723
2723
2723
2700
2700
2700
2700
2700
2700
2714
2714
2714
2714
2714
2720
2720
2720
2720
2720
2720
2719
2719
2719
2719
2719
2726
2726
2726
2726
2726
2722
2722
2722
2722
2722
2721
2721
2721
2721
2721
2721
2721
2721
2721
2721
2721
2727
2727
2727
2727
2727
2737
2737
2737
2737
2737
2737
2745
2745
2745
2745
2745
2736
2736
2736
2736
2736
2736
2741
2741
2741
2741
2741
2732
2732
2732
2732
2732
2727
2727
2727
2727
2727
2719
2719
2719
2719
2719
2719
2717
2717
2717
2717
2717
2725
2725
2725
2725
2725
2722
2722
2722
2722
2722
2722
2741
2741
2741
2741
2741
2748
2748
2748
2748
2748
2748
2766
2766
2766
2766
2766
2772
2772
2772
2772
2772
2775
2775
2775
2775
2775
2782
2782
2782
2782
2782
2782
2771
2771
2771
2771
2771
2745
2745
2745
2745
2745
2752
2752
2752
2752
2752
2752
2744
2744
2744
2744
2744
2744
2744
2744
2744
2744
2744
2740
2740
2740
2740
2740
2746
2746
2746
2746
2746
2748
2748
2748
2748
2748
2758
2758
2758
2758
2758
2758
2760
2760
2760
2760
2760
2773
2773
2773
2773
2773
2760
2760
2760
2760
2760
2760
2765
2765
2765
2765
2765
2774
2774
2774
2774
2774
2774
2755
2755
2755
2755
2755
2761
2761
2761
2761
2761
2749
2749
2749
2749
2749
2760
2760
2760
2760
2760
2760
2747
2747
2747
2747
2747
2750
2750
2750
2750
2750
2744
2744
2744
2744
2744
2744
2752
2752
2752
2752
2752
2752
2752
2752
2752
2752
2752
2746
2746
2746
2746
2746
2747
2747
2747
2747
2747
2740
2740
2740
2740
2740
2740
2740
2740
2740
2740
2740
2738
2738
2738
2738
2738
2746
2746
2746
2746
2746
2728
2728
2728
2728
2728
2728
2730
2730
2730
2730
2730
2723
2723
2723
2723
2723
2723
2728
2728
2728
2728
2728
2706
2706
2706
2706
2706
2715
2715
2715
2715
2715
2721
2721
2721
2721
2721
2721
2718
2718
2718
2718
2718
2717
2717
2717
2717
2717
2738
2738
2738
2738
2738
2738
2740
2740
2740
2740
2740
2735
2735
2735
2735
2735
2735
2737
2737
2737
2737
2737
2740
2740
2740
2740
2740
2750
2750
2750
2750
2750
2738
2738
2738
2738
2738
2738
2747
2747
2747
2747
2747
2750
2750
2750
2750
2750
2748
2748
2748
2748
2748
2748
2744
2744
2744
2744
2744
2745
2745
2745
2745
2745
2745
2736
2736
2736
2736
2736
2741
2741
2741
2741
2741
2746
2746
2746
2746
2746
2740
2740
2740
2740
2740
2740
2749
2749
2749
2749
2749
2750
2750
2750
2750
2750
2755
2755
2755
2755
2755
2755
2748
2748
2748
2748
2748
2747
2747
2747
2747
2747
2747
2752
2752
2752
2752
2752
2757
2757
2757
2757
2757
2756
2756
2756
2756
2756
2755
2755
2755
2755
2755
2755
2753
2753
2753
2753
2753
2759
2759
2759
2759
2759
2760
2760
2760
2760
2760
2760
2761
2761
2761
2761
2761
2759
2759
2759
2759
2759
2759
2756
2756
2756
2756
2756
2754
2754
2754
2754
2754
2743
2743
2743
2743
2743
2754
2754
2754
2754
2754
2754
2747
2747
2747
2747
2747
2744
2744
2744
2744
2744
2736
2736
2736
2736
2736
2736
2735
2735
2735
2735
2735
2731
2731
2731
2731
2731
2731
2732
2732
2732
2732
2732
2726
2726
2726
2726
2726
2722
2722
2722
2722
2722
2728
2728
2728
2728
2728
2728
2731
2731
2731
2731
2731
2723
2723
2723
2723
2723
2713
2713
2713
2713
2713
2713
2724
2724
2724
2724
2724
2723
2723
2723
2723
2723
2723
2731
2731
2731
2731
2731
2728
2728
2728
2728
2728
2740
2740
2740
2740
2740
2744
2744
2744
2744
2744
2744
2743
2743
2743
2743
2743
2734
2734
2734
2734
2734
2746
2746
2746
2746
2746
2746
2744
2744
2744
2744
2744
2732