2735
2735
2735
2735
2748
2748
2748
2748
2748
2738
2738
2738
2738
2738
2741
2741
2741
2741
2741
2741
2733
2733
2733
2733
2733
2744
2744
2744
2744
2744
2738
2738
2738
2738
2738
2738
2733
2733
2733
2733
2733
2733
2733
2733
2733
2733
2737
2737
2737
2737
2737
2737
2741
2741
2741
2741
2741
2745
2745
2745
2745
2745
2729
2729
2729
2729
2729
2729
2740
2740
2740
2740
2740
2751
2751
2751
2751
2751
2733
2733
2733
2733
2733
2733
2732
2732
2732
2732
2732
2743
2743
2743
2743
2743
2742
2742
2742
2742
2742
2742
2747
2747
2747
2747
2747
2737
2737
2737
2737
2737
2738
2738
2738
2738
2738
2738
2739
2739
2739
2739
2739
2745
2745
2745
2745
2745
2743
2743
2743
2743
2743
2743
2742
2742
2742
2742
2742
2736
2736
2736
2736
2736
2738
2738
2738
2738
2738
2738
2730
2730
2730
2730
2730
2727
2727
2727
2727
2727
2739
2739
2739
2739
2739
2739
2743
2743
2743
2743
2743
2729
2729
2729
2729
2729
2740
2740
2740
2740
2740
2740
2747
2747
2747
2747
2747
2735
2735
2735
2735
2735
2732
2732
2732
2732
2732
2732
2727
2727
2727
2727
2727
2743
2743
2743
2743
2743
2739
2739
2739
2739
2739
2739
2745
2745
2745
2745
2745
2742
2742
2742
2742
2742
2752
2752
2752
2752
2752
2752
2746
2746
2746
2746
2746
2738
2738
2738
2738
2738
2732
2732
2732
2732
2732
2732
2726
2726
2726
2726
2726
2731
2731
2731
2731
2731
2740
2740
2740
2740
2740
2740
2736
2736
2736
2736
2736
2742
2742
2742
2742
2742
2731
2731
2731
2731
2731
2731
2733
2733
2733
2733
2733
2724
2724
2724
2724
2724
2736
2736
2736
2736
2736
2736
2729
2729
2729
2729
2729
2729
2729
2729
2729
2729
2727
2727
2727
2727
2727
2727
2734
2734
2734
2734
2734
2743
2743
2743
2743
2743
2735
2735
2735
2735
2735
2735
2737
2737
2737
2737
2737
2741
2741
2741
2741
2741
2730
2730
2730
2730
2730
2730
2735
2735
2735
2735
2735
2729
2729
2729
2729
2729
2734
2734
2734
2734
2734
2734
2736
2736
2736
2736
2736
2728
2728
2728
2728
2728
2733
2733
2733
2733
2733
2733
2735
2735
2735
2735
2735
2741
2741
2741
2741
2741
2744
2744
2744
2744
2744
2744
2736
2736
2736
2736
2736
2741
2741
2741
2741
2741
2732
2732
2732
2732
2732
2732
2727
2727
2727
2727
2727
2744
2744
2744
2744
2744
2746
2746
2746
2746
2746
2746
2729
2729
2729
2729
2729
2750
2750
2750
2750
2750
2739
2739
2739
2739
2739
2739
2735
2735
2735
2735
2735
2730
2730
2730
2730
2730
2730
2730
2730
2730
2730
2730
2728
2728
2728
2728
2728
2726
2726
2726
2726
2726
2740
2740
2740
2740
2740
2740
2734
2734
2734
2734
2734
2735
2735
2735
2735
2735
2740
2740
2740
2740
2740
2740
2722
2722
2722
2722
2722
2732
2732
2732
2732
2732
2737
2737
2737
2737
2737
2737
2724
2724
2724
2724
2724
2736
2736
2736
2736
2736
2745
2745
2745
2745
2745
2745
2748
2748
2748
2748
2748
2743
2743
2743
2743
2743
2739
2739
2739
2739
2739
2739
2731
2731
2731
2731
2731
2732
2732
2732
2732
2732
2732
2732
2732
2732
2732
2732
2733
2733
2733
2733
2733
2726
2726
2726
2726
2726
2733
2733
2733
2733
2733
2733
2740
2740
2740
2740
2740
2739
2739
2739
2739
2739
2736
2736
2736
2736
2736
2736
2735
2735
2735
2735
2735
2738
2738
2738
2738
2738
2732
2732
2732
2732
2732
2732
2734
2734
2734
2734
2734
2729
2729
2729
2729
2729
2745
2745
2745
2745
2745
2745
2738
2738
2738
2738
2738
2739
2739
2739
2739
2739
2747
2747
2747
2747
2747
2747
2753
2753
2753
2753
2753
2744
2744
2744
2744
2744
2743
2743
2743
2743
2743
2743
2729
2729
2729
2729
2729
2729
2729
2729
2729
2729
2729
2729
2729
2729
2729
2729
2724
2724
2724
2724
2724
2747
2747
2747
2747
2747
2735
2735
2735
2735
2735
2735
2725
2725
2725
2725
2725
2731
2731
2731
2731
2731
2738
2738
2738
2738
2738
2738
2732
2732
2732
2732
2732
2729
2729
2729
2729
2729
2733
2733
2733
2733
2733
2733
2747
2747
2747
2747
2747
2734
2734
2734
2734
2734
2729
2729
2729
2729
2729
2729
2730
2730
2730
2730
2730
2735
2735
2735
2735
2735
2742
2742
2742
2742
2742
2742
2741
2741
2741
2741
2741
2735
2735
2735
2735
2735
2740
2740
2740
2740
2740
2740
2726
2726
2726
2726
2726
2731
2731
2731
2731
2731
2740
2740
2740
2740
2740
2740
2747
2747
2747
2747
2747
2739
2739
2739
2739
2739
2737
2737
2737
2737
2737
2737
2747
2747
2747
2747
2747
2726
2726
2726
2726
2726
2727
2727
2727
2727
2727
2727
2724
2724
2724
2724
2724
2734
2734
2734
2734
2734
2727
2727
2727
2727
2727
2727
2739
2739
2739
2739
2739
2738
2738
2738
2738
2738
2729
2729
2729
2729
2729
2729
2737
2737
2737
2737
2737
2723
2723
2723
2723
2723
2731
2731
2731
2731
2731
2731
2730
2730
2730
2730
2730
2727
2727
2727
2727
2727
2752
2752
2752
2752
2752
2752
2751
2751
2751
2751
2751
2739
2739
2739
2739
2739
2734
2734
2734
2734
2734
2734
2735
2735
2735
2735
2735
2739
2739
2739
2739
2739
2728
2728
2728
2728
2728
2728
2722
2722
2722
2722
2722
2739
2739
2739
2739
2739
2745
2745
2745
2745
2745
2745
2720
2720
2720
2720
2720
2726
2726
2726
2726
2726
2743
2743
2743
2743
2743
2743
2736
2736
2736
2736
2736
2735
2735
2735
2735
2735
2743
2743
2743
2743
2743
2743
2735
2735
2735
2735
2735
2730
2730
2730
2730
2730
2736
2736
2736
2736
2736
2736
2737
2737
2737
2737
2737
2744
2744
2744
2744
2744
2740
2740
2740
2740
2740
2740
2730
2730
2730
2730
2730
2746
2746
2746
2746
2746
2730
2730
2730
2730
2730
2730
2744
2744
2744
2744
2744
2731
2731
2731
2731
2731
2742
2742
2742
2742
2742
2742
2735
2735
2735
2735
2735
2726
2726
2726
2726
2726
2747
2747
2747
2747
2747
2747
2733
2733
2733
2733
2733
2735
2735
2735
2735
2735
2738
2738
2738
2738
2738
2738
2724
2724
2724
2724
2724
2760
2760
2760
2760
2760
2737
2737
2737
2737
2737
2737
2737
2737
2737
2737
2737
2760
2760
2760
2760
2760
2744
2744
2744
2744
2744
2744
2738
2738
2738
2738
2738
2729
2729
2729
2729
2729
2743
2743
2743
2743
2743
2743
2733
2733
2733
2733
2733
2724
2724
2724
2724
2724
2747
2747
2747
2747
2747
2747
2751
2751
2751
2751
2751
2750
2750
2750
2750
2750
2741
2741
2741
2741
2741
2741
2737
2737
2737
2737
2737
2738
2738
2738
2738
2738
2736
2736
2736
2736
2736
2736
2727
2727
2727
2727
2727
2737
2737
2737
2737
2737
2721
2721
2721
2721
2721
2721
2742
2742
2742
2742
2742
2741
2741
2741
2741
2741
2739
2739
2739
2739
2739
2739
2753
2753
2753
2753
2753
2733
2733
2733
2733
2733
2737
2737
2737
2737
2737
2737
2734
2734
2734
2734
2734
2742
2742
2742
2742
2742
2721
2721
2721
2721
2721
2721
2723
2723
2723
2723
2723
2737
2737
2737
2737
2737
2735
2735
2735
2735
2735
2735
2733
2733
2733
2733
2733
2742
2742
2742
2742
2742
2738
2738
2738
2738
2738
2738
2741
2741
2741
2741
2741
2730
2730
2730
2730
2730
2731
2731
2731
2731
2731
2731
2743
2743
2743
2743
2743
2742
2742
2742
2742
2742
2747
2747
2747
2747
2747
2747
2745
2745
2745
2745
2745
2739
2739
2739
2739
2739
2723
2723
2723
2723
2723
2723
2735
2735
2735
2735
2735
2746
2746
2746
2746
2746
2738
2738
2738
2738
2738
2738
2725
2725
2725
2725
2725
2745
2745
2745
2745
2745
2744
2744
2744
2744
2744
2744
2744
2744
2744
2744
2744
2723
2723
2723
2723
2723
2745
2745
2745
2745
2745
2745
2734
2734
2734
2734
2734
2735
2735
2735
2735
2735
2740
2740
2740
2740
2740
2740
2739
2739
2739
2739
2739
2746
2746
2746
2746
2746
2741
2741
2741
2741
2741
2741
2748
2748
2748
2748
2748
2750
2750
2750
2750
2750
2748
2748
2748
2748
2748
2748
2743
2743
2743
2743
2743
2741
2741
2741
2741
2741
2744
2744
2744
2744
2744
2744
2742
2742
2742
2742
2742
2733
2733
2733
2733
2733
2740
2740
2740
2740
2740
2740
2746
2746
2746
2746
2746
2733
2733
2733
2733
2733
2737
2737
2737
2737
2737
2737
2740
2740
2740
2740
2740
2733
2733
2733
2733
2733
2747
2747
2747
2747
2747
2747
2734
2734
2734
2734
2734
2751
2751
2751
2751
2751
2740
2740
2740
2740
2740
2740
2743
2743
2743
2743
2743
2739
2739
2739
2739
2739
2738
2738
2738
2738
2738
2738
2737
2737
2737
2737
2737
2737
2737
2737
2737
2737
2743
2743
2743
2743
2743
2743
2736
2736
2736
2736
2736
2741
2741
2741
2741
2741
2744
2744
2744
2744
2744
2744
2748
2748
2748
2748
2748
2744
2744
2744
2744
2744
2745
2745
2745
2745
2745
2745
2725
2725
2725
2725
2725
2749
2749
2749
2749
2749
2745
2745
2745
2745
2745
2745
2734
2734
2734
2734
2734
2744
2744
2744
2744
2744
2746
2746
2746
2746
2746
2746
2743
2743
2743
2743
2743
2741
2741
2741
2741
2741
2751
2751
2751
2751
2751
2751
2748
2748
2748
2748
2748
2746
2746
2746
2746
2746
2748
2748
2748
2748
2748
2748
2749
2749
2749
2749
2749
2733
2733
2733
2733
2733
2733
2733
2733
2733
2733
2733
2740
2740
2740
2740
2740
2744
2744
2744
2744
2744
2753
2753
2753
2753
2753
2753
2738
2738
2738
2738
2738
2748
2748
2748
2748
2748
2740
2740
2740
2740
2740
2740
2746
2746
2746
2746
2746
2732
2732
2732
2732
2732
2739
2739
2739
2739
2739
2739
2737
2737
2737
2737
2737
2740
2740
2740
2740
2740
2752
2752
2752
2752
2752
2752
2745
2745
2745
2745
2745
2744
2744
2744
2744
2744
2739
2739
2739
2739
2739
2739
2741
2741
2741
2741
2741
2740
2740
2740
2740
2740
2736
2736
2736
2736
2736
2736
2743
2743
2743
2743
2743
2741
2741
2741
2741
2741
2746
2746
2746
2746
2746
2746
2743
2743
2743
2743
2743
2748
2748
2748
2748
2748
2744
2744
2744
2744
2744
2744
2748
2748
2748
2748
2748
2746
2746
2746
2746
2746
2743
2743
2743
2743
2743
2743
2748
2748
2748
2748
2748
2745
2745
2745
2745
2745
2745
2745
2745
2745
2745
2745
2743
2743
2743
2743
2743
2743
2743
2743
2743
2743
2737
2737
2737
2737
2737
2737
2739
2739
2739
2739
2739
2748
2748
2748
2748
2748
2737
2737
2737
2737
2737
2737
2737
2737
2737
2737
2737
2740
2740
2740
2740
2740
2730
2730
2730
2730
2730
2730
2741
2741
2741
2741
2741
2737
2737
2737
2737
2737
2737
2737
2737
2737
2737
2737
2749
2749
2749
2749
2749
2745
2745
2745
2745
2745
2745
2745
2745
2745
2745
2745
2743
2743
2743
2743
2743
2743
2743
2743
2743
2743
2750
2750
2750
2750
2750
2750
2747
2747
2747
2747
2747
2750
2750
2750
2750
2750
2739
2739
2739
2739
2739
2739
2746
2746
2746
2746
2746
2734
2734
2734
2734
2734
2729
2729
2729
2729
2729
2729
2729
2729
2729
2729
2729
2732
2732
2732
2732
2732
2742
2742
2742
2742
2742
2742
2747
2747
2747
2747
2747
2745
2745
2745
2745
2745
2738
2738
2738
2738
2738
2738
2735
2735
2735
2735
2735
2744
2744
2744
2744
2744
2750
2750
2750
2750
2750
2750
2737
2737
2737
2737
2737
2747
2747
2747
2747
2747
2753
2753
2753
2753
2753
2753
2751
2751
2751
2751
2751
2745
2745
2745
2745
2745
2744
2744
2744
2744
2744
2744
2749
2749
2749
2749
2749
2748
2748
2748
2748
2748
2743
2743
2743
2743
2743
2743
2749
2749
2749
2749
2749
2747
2747
2747
2747
2747
2734
2734
2734
2734
2734
2734
2739
2739
2739
2739
2739
2752
2752
2752
2752
2752
2742
2742
2742
2742
2742
2742
2736
2736
2736
2736
2736
2747
2747
2747
2747
2747
2744
2744
2744
2744
2744
2744
2741
2741
2741
2741
2741
2730
2730
2730
2730
2730
2742
2742
2742
2742
2742
2742
2741
2741
2741
2741
2741
2742
2742
2742
2742
2742
2748
2748
2748
2748
2748
2748
2746
2746
2746
2746
2746
2738
2738
2738
2738
2738
2741
2741
2741
2741
2741
2741
2732
2732
2732
2732
2732
2744
2744
2744
2744
2744
2742
2742
2742
2742
2742
2742
2735
2735
2735
2735
2735
2743
2743
2743
2743
2743
2747
2747
2747
2747
2747
2747
2738
2738
2738
2738
2738
2737
2737
2737
2737
2737
2749
2749
2749
2749
2749
2749
2749
2749
2749
2749
2749
2736
2736
2736
2736
2736
2745
2745
2745
2745
2745
2745
2743
2743
2743
2743
2743
2740
2740
2740
2740
2740
2744
2744
2744
2744
2744
2744
2738
2738
2738
2738
2738
2750
2750
2750
2750
2750
2745
2745
2745
2745
2745
2745
2746
2746
2746
2746
2746
2750
2750
2750
2750
2750
2748
2748
2748
2748
2748
2748
2741
2741
2741
2741
2741
2737
2737
2737
2737
2737
2739
2739
2739
2739
2739
2739
2735
2735
2735
2735
2735
2736
2736
2736
2736
2736
2745
2745
2745
2745
2745
2745
2739
2739
2739
2739
2739
2740
2740
2740
2740
2740
2728
2728
2728
2728
2728
2728
2730
2730
2730
2730
2730
2730
2730
2730
2730
2730
2726
2726
2726
2726
2726
2726
2741
2741
2741
2741
2741
2739
2739
2739
2739
2739
2743
2743
2743
2743
2743
2743
2743
2743
2743
2743
2743
2742
2742
2742
2742
2742
2750
2750
2750
2750
2750
2750
2730
2730
2730
2730
2730
2713
2713
2713
2713
2713
2716
2716
2716
2716
2716
2716
2716
2716
2716
2716
2716
2719
2719
2719
2719
2719
2721
2721
2721
2721
2721
2721
2749
2749
2749
2749
2749
2796
2796
2796
2796
2796
2852
2852
2852
2852
2852
2852
2931
2931
2931
2931
2931
2998
2998
2998
2998
2998
3068
3068
3068
3068
3068
3068
3120
3120
3120
3120
3120
3144
3144
3144
3144
3144
3154
3154
3154
3154
3154
3154
3106
3106
3106
3106
3106
2996
2996
2996
2996
2996
2895
2895
2895
2895
2895
2895
2747
2747
2747
2747
2747
2585
2585
2585
2585
2585
2447
2447
2447
2447
2447
2447
2346
2346
2346
2346
2346
2246
2246
2246
2246
2246
2181
2181
2181
2181
2181
2181
2136
2136
2136
2136
2136
2127
2127
2127
2127
2127
2135
2135
2135
2135
2135
2135
2180
2180
2180
2180
2180
2248
2248
2248
2248
2248
2356
2356
2356
2356
2356
2356
2471
2471
2471
2471
2471
2594
2594
2594
2594
2594
2714
2714
2714
2714
2714
2714
2817
2817
2817
2817
2817
2872
2872
2872
2872
2872
2890
2890
2890
2890
2890
2890
2906
2906
2906
2906
2906
2912
2912
2912
2912
2912
2922
2922
2922
2922
2922
2922
2968
2968
2968
2968
2968
3035
3035
3035
3035
3035
3110
3110
3110
3110
3110
3110
3180
3180
3180
3180
3180
3246
3246
3246
3246
3246
3246
3303
3303
3303
3303
3303
3315
3315
3315
3315
3315
3304
3304
3304
3304
3304
3273
3273
3273
3273
3273
3273
3218
3218
3218
3218
3218
3153
3153
3153
3153
3153
3072
3072
3072
3072
3072
3072
3001
3001
3001
3001
3001
2911
2911
2911
2911
2911
2911
2810
2810
2810
2810
2810
2724
2724
2724
2724
2724
2629
2629
2629
2629
2629
2544
2544
2544
2544
2544
2544
2459
2459
2459
2459
2459
2411
2411
2411
2411
2411
2372
2372
2372
2372
2372
2372
2331
2331
2331
2331
2331
2308
2308
2308
2308
2308
2308
2299
2299
2299
2299
2299
2291
2291
2291
2291
2291
2282
2282
2282
2282
2282
2274
2274
2274
2274
2274
2274
2293
2293
2293
2293
2293
2302
2302
2302
2302
2302
2321
2321
2321
2321
2321
2321
2366
2366
2366
2366
2366
2391
2391
2391
2391
2391
2391
2436
2436
2436
2436
2436
2490
2490
2490
2490
2490
2544
2544
2544
2544
2544
2613
2613
2613
2613
2613
2613
2678
2678
2678
2678
2678
2755
2755
2755
2755
2755
2816
2816
2816
2816
2816
2816
2872
2872
2872
2872
2872
2911
2911
2911
2911
2911
2911
2936
2936
2936
2936
2936
2998
2998
2998
2998
2998
3031
3031
3031
3031
3031
3063
3063
3063
3063
3063
3063
3121
3121
3121
3121
3121
3141
3141
3141
3141
3141
3197
3197
3197
3197
3197
3197
3202
3202
3202
3202
3202
3219
3219
3219
3219
3219
3219
3217
3217
3217
3217
3217
3197
3197
3197
3197
3197
3166
3166
3166
3166
3166
3108
3108
3108
3108
3108
3108
3054
3054
3054
3054
3054
2987
2987
2987
2987
2987
2930
2930
2930
2930
2930
2930
2885
2885
2885
2885
2885
2832
2832
2832
2832
2832
2832
2782
2782
2782
2782
2782
2735
2735
2735
2735
2735
2699
2699
2699
2699
2699
2647
2647
2647
2647
2647
2647
2600
2600
2600
2600
2600
2553
2553
2553
2553
2553
2512
2512
2512
2512
2512
2512
2479
2479
2479
2479
2479
2433
2433
2433
2433
2433
2433
2412
2412
2412
2412
2412
2382
2382
2382
2382
2382
2363
2363
2363
2363
2363
2351
2351
2351
2351
2351
2351
2356
2356
2356
2356
2356
2370
2370
2370
2370
2370
2399
2399
2399
2399
2399
2399
2449
2449
2449
2449
2449
2467
2467
2467
2467
2467
2467
2485
2485
2485
2485
2485
2529
2529
2529
2529
2529
2569
2569
2569
2569
2569
2612
2612
2612
2612
2612
2612
2656
2656
2656
2656
2656
2715
2715
2715
2715
2715
2759
2759
2759
2759
2759
2759
2796
2796
2796
2796
2796
2836
2836
2836
2836
2836
2836
2870
2870
2870
2870
2870
2904
2904
2904
2904
2904
2924
2924
2924
2924
2924
2944
2944
2944
2944
2944
2944
2973
2973
2973
2973
2973
3002
3002
3002
3002
3002
3036
3036
3036
3036
3036
3036
3053
3053
3053
3053
3053
3052
3052
3052
3052
3052
3052
3045
3045
3045
3045
3045
3018
3018
3018
3018
3018
3005
3005
3005
3005
3005
2989
2989
2989
2989
2989
2989
2945
2945
2945
2945
2945
2923
2923
2923
2923
2923
2911
2911
2911
2911
2911
2911
2886
2886
2886
2886
2886
2871
2871
2871
2871
2871
2871
2825
2825
2825
2825
2825
2812
2812
2812
2812
2812
2790
2790
2790
2790
2790
2756
2756
2756
2756
2756
2756
2704
2704
2704
2704
2704
2689
2689
2689
2689
2689
2663
2663
2663
2663
2663
2663
2630
2630
2630
2630
2630
2602
2602
2602
2602
2602
2602
2575
2575
2575
2575
2575
2552
2552
2552
2552
2552
2539
2539
2539
2539
2539
2533
2533
2533
2533
2533
2533
2524
2524
2524
2524
2524
2538
2538
2538
2538
2538
2540
2540
2540
2540
2540
2540
2553
2553
2553
2553
2553
2564
2564
2564
2564
2564
2564
2573
2573
2573
2573
2573
2567
2567
2567
2567
2567
2593
2593
2593
2593
2593
2617
2617
2617
2617
2617
2617
2620
2620
2620
2620
2620
2646
2646
2646
2646
2646
2671
2671
2671
2671
2671
2671
2690
2690
2690
2690
2690
2704
2704
2704
2704
2704
2704
2725
2725
2725
2725
2725
2750
2750
2750
2750
2750
2783
2783
2783
2783
2783
2817
2817
2817
2817
2817
2817
2848
2848
2848
2848
2848
2851
2851
2851
2851
2851
2871
2871
2871
2871
2871
2871
2862
2862
2862
2862
2862
2874
2874
2874
2874
2874
2874
2875
2875
2875
2875
2875
2896
2896
2896
2896
2896
2915
2915
2915
2915
2915
2926
2926
2926
2926
2926
2926
2929
2929
2929
2929
2929
2923
2923
2923
2923
2923
2904
2904
2904
2904
2904
2904
2889
2889
2889
2889
2889
2860
2860
2860
2860
2860
2860
2845
2845
2845
2845
2845
2842
2842
2842
2842
2842
2816
2816
2816
2816
2816
2769
2769
2769
2769
2769
2769
2765
2765
2765
2765
2765
2746
2746
2746
2746
2746
2695
2695
2695
2695
2695
2695
2695
2695
2695
2695
2695
2664
2664
2664
2664
2664
2664
2652
2652
2652
2652
2652
2654
2654
2654
2654
2654
2660
2660
2660
2660
2660
2667
2667
2667
2667
2667
2667
2675
2675
2675
2675
2675
2669
2669
2669
2669
2669
2672
2672
2672
2672
2672
2672
2648
2648
2648
2648
2648
2630
2630
2630
2630
2630
2630
2614
2614
2614
2614
2614
2610
2610
2610
2610
2610
2622
2622
2622
2622
2622
2654
2654
2654
2654
2654
2654
2674
2674
2674
2674
2674
2700
2700
2700
2700
2700
2721
2721
2721
2721
2721
2721
2713
2713
2713
2713
2713
2719
2719
2719
2719
2719
2719
2713
2713
2713
2713
2713
2735
2735
2735
2735
2735
2727
2727
2727
2727
2727
2764
2764
2764
2764
2764
2764
2768
2768
2768
2768
2768
2798
2798
2798
2798
2798
2796
2796
2796
2796
2796
2796
2791
2791
2791
2791
2791
2783
2783
2783
2783
2783
2783
2779
2779
2779
2779
2779
2758
2758
2758
2758
2758
2763
2763
2763
2763
2763
2766
2766
2766
2766
2766
2766
2783
2783
2783
2783
2783
2795
2795
2795
2795
2795
2804
2804
2804
2804
2804
2804
2820
2820
2820
2820
2820
2808
2808
2808
2808
2808
2808
2793
2793
2793
2793
2793
2775
2775
2775
2775
2775
2748
2748
2748
2748
2748
2743
2743
2743
2743
2743
2743
2737
2737
2737
2737
2737
2753
2753
2753
2753
2753
2756
2756
2756
2756
2756
2756
2758
2758
2758
2758
2758
2778
2778
2778
2778
2778
2778
2767
2767
2767
2767
2767
2751
2751
2751
2751
2751
2738
2738
2738
2738
2738
2732
2732
2732
2732
2732
2732
2720
2720
2720
2720
2720
2720
2720
2720
2720
2720
2725
2725
2725
2725
2725
2725
2737
2737
2737
2737
2737
2746
2746
2746
2746
2746
2746
2752
2752
2752
2752
2752
2740
2740
2740
2740
2740
2748
2748
2748
2748
2748
2731
2731
2731
2731
2731
2731
2739
2739
2739
2739
2739
2732
2732
2732
2732
2732
2739
2739
2739
2739
2739
2739
2738
2738
2738
2738
2738
2767
2767
2767
2767
2767
2767
2763
2763
2763
2763
2763
2783
2783
2783
2783
2783
2774
2774
2774
2774
2774
2764
2764
2764
2764
2764
2764
2762
2762
2762
2762
2762
2743
2743
2743
2743
2743
2731
2731
2731
2731
2731
2731
2706
2706
2706
2706
2706
2719
2719
2719
2719
2719
2719
2723
2723
2723
2723
2723
2733
2733
2733
2733
2733
2764
2764
2764
2764
2764
2754
2754
2754
2754
2754
2754
2749
2749
2749
2749
2749
2744
2744
2744
2744
2744
2726
2726
2726
2726
2726
2726
2707
2707
2707
2707
2707
2705
2705
2705
2705
2705
2705
2702
2702
2702
2702
2702
2714
2714
2714
2714
2714
2725
2725
2725
2725
2725
2730
2730
2730
2730
2730
2730
2748
2748
2748
2748
2748
2755
2755
2755
2755
2755
2758
2758
2758
2758
2758
2758
2749
2749
2749
2749
2749
2761
2761
2761
2761
2761
2761
2755
2755
2755
2755
2755
2749
2749
2749
2749
2749
2732
2732
2732
2732
2732
2753
2753
2753
2753
2753
2753
2759
2759
2759
2759
2759
2773
2773
2773
2773
2773
2753
2753
2753
2753
2753
2753
2772
2772
2772
2772
2772
2769
2769
2769
2769
2769
2769
2765
2765
2765
2765
2765
2749
2749
2749
2749
2749
2754
2754
2754
2754
2754
2748
2748
2748
2748
2748
2748
2753
2753
2753
2753
2753
2755
2755
2755
2755
2755
2768
2768
2768
2768
2768
2768
2769
2769
2769
2769
2769
2771
2771
2771
2771
2771
2771
2769
2769
2769
2769
2769
2772
2772
2772
2772
2772
2750
2750
2750
2750
2750
2729
2729
2729
2729
2729
2729
2741
2741
2741
2741
2741
2727
2727
2727
2727
2727
2728
2728
2728
2728
2728
2728
2734
2734
2734
2734
2734
2729
2729
2729
2729
2729
2729
2756
2756
2756
2756
2756
2753
2753
2753
2753
2753
2753
2753
2753
2753
2753
2757
2757
2757
2757
2757
2757
2736
2736
2736
2736
2736
2713
2713
2713
2713
2713
2696
2696
2696
2696
2696
2696
2695
2695
2695
2695
2695
2683
2683
2683
2683
2683
2683
2689
2689
2689
2689
2689
2716
2716
2716
2716
2716
2716
2716
2716
2716
2716
2724
2724
2724
2724
2724
2724
2724
2724
2724
2724
2724
2723
2723
2723
2723
2723
2723
2723
2723
2723
2723
2723
2717
2717
2717
2717
2717
2725
2725
2725
2725
2725
2725
2742
2742
2742
2742
2742
2727
2727
2727
2727
2727
2737
2737
2737
2737
2737
2747
2747
2747
2747
2747
2747
2760
2760
2760
2760
2760
2743
2743
2743
2743
2743
2754
2754
2754
2754
2754
2754
2770
2770
2770
2770
2770
2767
2767
2767
2767
2767
2767
2775
2775
2775
2775
2775
2768
2768
2768
2768
2768
2781
2781
2781
2781
2781
2781
2781
2781
2781
2781
2781
2782
2782
2782
2782
2782
2779
2779
2779
2779
2779
2771
2771
2771
2771
2771
2771
2764
2764
2764
2764
2764
2761
2761
2761
2761
2761
2761
2762
2762
2762
2762
2762
2760
2760
2760
2760
2760
2750
2750
2750
2750
2750
2744
2744
2744
2744
2744
2744
2737
2737
2737
2737
2737
2734
2734
2734
2734
2734
2725
2725
2725
2725
2725
2725
2722
2722
2722
2722
2722
2727
2727
2727
2727
2727
2727
2733
2733
2733
2733
2733
2727
2727
2727
2727
2727
2725
2725
2725
2725
2725
2726
2726
2726
2726
2726
2726
2726
2726
2726
2726
2726
2709
2709
2709
2709
2709
2712
2712
2712
2712
2712
2712
2703
2703
2703
2703
2703
2702
2702
2702
2702
2702
2702
2716
2716
2716
2716
2716
2733
2733
2733
2733
2733
2727
2727
2727
2727
2727
2733
2733
2733
2733
2733
2733
2738
2738
2738
2738
2738
2730
2730
2730
2730
2730
2730
2730
2730
2730
2730
2730
2735
2735
2735
2735
2735
2730
2730
2730
2730
2730
2730
2733
2733
2733
2733
2733
2741
2741
2741
2741
2741
2736
2736
2736
2736
2736
2743
2743
2743
2743
2743
2743
2754
2754
2754
2754
2754
2761
2761
2761
2761
2761
2754
2754
2754
2754
2754
2754
2758
2758
2758
2758
2758
2769
2769
2769
2769
2769
2769
2784
2784
2784
2784
2784
2773
2773
2773
2773
2773
2763
2763
2763
2763
2763
2772
2772
2772
2772
2772
2772
2767
2767
2767
2767
2767
2758
2758
2758
2758
2758
2776
2776
2776
2776
2776
2776
2765
2765
2765
2765
2765
2760
2760
2760
2760
2760
2760
2762
2762
2762
2762
2762
2756
2756
2756
2756
2756
2754
2754
2754
2754
2754
2749
2749
2749
2749
2749
2749
2745
2745
2745
2745
2745
2741
2741
2741
2741
2741
2740
2740
2740
2740
2740
2740
2726
2726
2726
2726
2726
2720
2720
2720
2720
2720
2720
2725
2725
2725
2725
2725
2725
2725
2725
2725
2725
2713
2713
2713
2713
2713
2712
2712
2712
2712
2712
2712
2732
2732
2732
2732
2732
2717
2717
2717
2717
2717
2716
2716
2716
2716
2716
2716
2720
2720
2720
2720
2720
2725
2725
2725
2725
2725
2725
2714
2714
2714
2714
2714
2731
2731
2731
2731
2731
2739
2739
2739
2739
2739
2731
2731
2731
2731
2731
2731
2723
2723
2723
2723
2723
2735
2735
2735
2735
2735
2740
2740
2740
2740
2740
2740
2744
2744
2744
2744
2744
2735
2735
2735
2735
2735
2735
2756
2756
2756
2756
2756
2751
2751
2751
2751
2751
2753
2753
2753
2753
2753
2761
2761
2761
2761
2761
2761
2754
2754
2754
2754
2754
2763
2763
2763
2763
2763
2750
2750
2750
2750
2750
2750
2767
2767
2767
2767
2767
2761
2761
2761
2761
2761
2761
2769
2769
2769
2769
2769
2767
2767
2767
2767
2767
2765
2765
2765
2765
2765
2767
2767
2767
2767
2767
2767
2758
2758
2758
2758
2758
2759
2759
2759
2759
2759
2759
2759
2759
2759
2759
2759
2772
2772
2772
2772
2772
2751
2751
2751
2751
2751
2751
2750
2750
2750
2750
2750
2765
2765
2765
2765
2765
2763
2763
2763
2763
2763
2740
2740
2740
2740
2740
2740
2746
2746
2746
2746
2746
2740
2740
2740
2740
2740
2741
2741
2741
2741
2741
2741
2728
2728
2728
2728
2728
2725
2725
2725
2725
2725
2725
2731
2731
2731
2731
2731
2732
2732
2732
2732
2732
2744
2744
2744
2744
2744
2740
2740
2740
2740
2740
2740
2727
2727
2727
2727
2727
2718
2718
2718
2718
2718
2714
2714
2714
2714
2714
2714
2721
2721
2721
2721
2721
2721
2721
2721
2721
2721
2721
2706
2706
2706
2706
2706
2735
2735
2735
2735
2735
2734
2734
2734
2734
2734
2731
2731
2731
2731
2731
2731
2728
2728
2728
2728
2728
2735
2735
2735
2735
2735
2746
2746
2746
2746
2746
2746
2738
2738
2738
2738
2738
2754
2754
2754
2754
2754
2754
2745
2745
2745
2745
2745
2765
2765
2765
2765
2765
2760
2760
2760
2760
2760
2750
2750
2750
2750
2750
2750
2753
2753
2753
2753
2753
2756
2756
2756
2756
2756
2752
2752
2752
2752
2752
2752
2757
2757
2757
2757
2757
2765
2765
2765
2765
2765
2765
2757
2757
2757
2757
2757
2749
2749
2749
2749
2749
2754
2754
2754
2754
2754
2744
2744
2744
2744
2744
2744
2747
2747
2747
2747
2747
2746
2746
2746
2746
2746
2750
2750
2750
2750
2750
2750
2747
2747
2747
2747
2747
2732
2732
2732
2732
2732
2732
2733
2733
2733
2733
2733
2745
2745
2745
2745
2745
2733
2733
2733
2733
2733
2733
2733
2733
2733
2733
2733
2745
2745
2745
2745
2745
2737
2737
2737
2737
2737
2721
2721
2721
2721
2721
2721
2717
2717
2717
2717
2717
2721
2721
2721
2721
2721
2721
2727
2727
2727
2727
2727
2730
2730
2730
2730
2730
2740
2740
2740
2740
2740
2731
2731
2731
2731
2731
2731
2729
2729
2729
2729
2729
2723
2723
2723
2723
2723
2732
2732
2732
2732
2732
2732
2746
2746
2746
2746
2746
2720
2720
2720
2720
2720
2720
2733
2733
2733
2733
2733
2745
2745
2745
2745
2745
2744
2744
2744
2744
2744
2751
2751
2751
2751
2751
2751
2745
2745